-1.786427667606709679e+00
-1.068417117825473772e+00
-6.419368690155865531e-01
-6.910312154179597544e-01
-1.587858390233332972e+00
-7.868830562285678010e-02
-8.069115228637500081e-01
-1.129743792538127511e+00
-6.301755358343588131e-01
-3.210424693890612247e-01
-6.608908552362258160e-02
-1.283018820572737084e+00
-1.507931072286911256e+00
-6.787003777843567676e-01
2.115212004663947210e-01
1.304487526673353770e+01
2.075762668672632927e+00
-7.561220020344991966e-01
1.305015030709235724e+01
-8.180033905426611351e-01
-3.406101769777991062e-01
1.303727373437589776e+01
1.308120844069821054e+01
1.308193036645491958e+01
1.307906126604225960e+01
-3.805469892450420444e-01
-6.791733169416760418e-01
-5.869103115539502369e-01
-6.279811729784194885e-01
1.308357493741035960e+01
-1.142367938496536173e+00
-2.229963136147545821e-01
1.304330198799648777e+01
7.445356021988360773e-01
1.306321099876422664e+01
-6.435774234695768037e-02
-1.022529656871852488e+00
-1.708093826350717270e-01
-1.077680264087035544e+00
-3.483741995511735468e-02
-3.900616375875326503e-01
-4.874927842823374435e-01
-6.220226921351890148e-01
-6.266918834939666505e-01
1.307476818395452867e+01
-3.989473646346157754e-01
-4.322698850276082139e-01
-3.678680581509204961e-01
-3.971201048356083341e-01
-3.801095048469887994e-01
-2.309672382850451733e-01
-6.083420819344287356e-01
-4.323953167052427826e-01
-4.269642987659436617e-01
-4.006404824676037535e-01
-4.163025214210986924e-01
-5.348096310805929843e-01
-8.361227624351240673e-01
-1.440143063998277073e-01
-1.540662467986977369e-01
-4.057021615654655688e-01
1.305069564469717669e+01
-4.559400199019912892e-01
-1.988679051816653054e-01
1.308951242352602939e+01
1.305616502936050338e+01
-2.130016827534856327e-01
1.304247167590456691e+01
-4.124914994094908138e-01
-1.042506402169668389e-01
-3.815729018715741105e-01
1.303991512981107270e+01
-3.775784334159532074e-01
-6.436043942746039193e-02
-4.281940396731256371e-01
-4.208007797678529061e-01
1.404405654898868860e+01
-4.225970269103656030e-01
-4.141339041016462996e-01
1.304381833355170883e+01
1.311783998529112694e+01
1.309141801356285839e+01
-4.209538773978435122e-01
1.307539249968706407e+01
-4.124417740757857498e-01
-3.975006100088211980e-01
-4.549480743639487956e-01
1.308772837001567346e+01
1.305251075910959102e+01
-4.121634154855278176e-01
-3.894774281442416886e-01
1.305518931881231381e+01
1.309405359385009859e+01
1.306116342235098493e+01
1.307854384992358021e+01
1.304706618066810364e+01
-3.956542492111183584e-01
-4.108609447352801203e-01
1.303794127265983605e+01
1.306462306956438724e+01
-3.887595135888186615e-01
1.305846138161670389e+01
1.308895428645621095e+01
-3.606481840919472104e-01
1.305653116892592358e+01
1.308457640088545659e+01
1.309588182532810308e+01
1.305148045381193000e+01
-4.037945325432101829e-01
1.304146642956589375e+01
1.306407837250602810e+01
1.305610928506814261e+01
1.308116982125321037e+01
1.308616591545072083e+01
-3.502167304688755811e-01
1.307170941441539469e+01
1.305270396390947596e+01
1.306313498672293782e+01
1.309132234254433769e+01
1.308748674888947860e+01
1.303706343076411045e+01
1.304174653147249074e+01
1.303984201620477634e+01
1.305643075853584101e+01
1.304381375479822758e+01
-3.930881935162665597e-01
1.305937618126749911e+01
1.305401741482693545e+01
-4.466454093002538706e-01
1.306640539606990892e+01
1.304177175368453234e+01
1.307842854666702337e+01
1.307081747972466701e+01
1.304138464689015464e+01
1.307214670376274057e+01
1.303884136747134903e+01
1.304417391807964677e+01
-1.313023477144940054e-01
-3.718527001252699415e-01
-4.370684115928951119e-01
1.306137418878416057e+01
1.306467868119953124e+01
-4.020034133556706912e-01
1.307930324958453738e+01
1.306081146240512858e+01
1.307388427111665941e+01
1.305531614374579519e+01
1.305263063414775715e+01
1.306472919060792570e+01
1.304389704873779010e+01
1.309356317634614442e+01
1.304176521923675836e+01
1.303317047383508509e+01
1.308133400384150846e+01
1.306350717375454629e+01
1.308807240651354853e+01
1.406772717411932483e+01
1.305146359018834978e+01
1.309477292285383498e+01
1.310580845065198119e+01
1.303770265085104896e+01
1.304473021491039475e+01
1.307615266233968043e+01
1.303921187258071157e+01
1.303417327575105666e+01
1.306665903621164304e+01
1.304895654774363400e+01
1.304908193534020455e+01
1.303196010050896092e+01
1.305959929011458165e+01
-4.413942713385834438e-01
1.304066054347357273e+01
1.303764356401125823e+01
1.304804313495694323e+01
1.308178825442614368e+01
1.303978704913141939e+01
1.306401743787017189e+01
1.307703924556507324e+01
1.305588521666408042e+01
1.304536071653533646e+01
1.305754171621212123e+01
1.305757788166067357e+01
1.304418797738323121e+01
1.304458224383790466e+01
1.304646848597499975e+01
1.303818952413737797e+01
1.304339776668292039e+01
1.303703854834930453e+01
1.305245093075396312e+01
1.304887603874511015e+01
1.301256909715517907e+01
1.305151912444806328e+01
1.304378455052509445e+01
1.309535531967386035e+01
1.306620048848822435e+01
1.307548151043762630e+01
-7.836182950903488598e-01
1.304395295091952356e+01
1.306269169044412237e+01
1.305278286128842424e+01
1.305151509336296378e+01
1.303478176462397542e+01
1.306087593913487055e+01
1.304118104723523075e+01
1.304615156282395461e+01
1.309830072670513346e+01
1.305365043323627106e+01
1.306453771011612552e+01
1.304977568224879825e+01
1.300617770318765487e+01
-6.775577661325581369e-01
1.307180719744176045e+01
1.303506822327480386e+01
1.305730173918554904e+01
1.304284587189802913e+01
1.303856463833071011e+01
1.305357655928804306e+01
1.404806166900775111e+01
1.305706611374421122e+01
1.503128377526958559e+01
1.303787033392183048e+01
1.304983712620981606e+01
-7.282064917199331244e-01
1.304683436552528519e+01
1.303099398521492880e+01
1.304135048032612687e+01
1.305626621841059887e+01
1.304518598211297586e+01
1.305506111947446435e+01
-2.420213503386411391e-01
1.306155259752730302e+01
1.303663508470563670e+01
1.307034908198417256e+01
1.305736174250154669e+01
1.306283052319675164e+01
1.307371640248859279e+01
1.305907208992577573e+01
1.404852001640753478e+01
1.305760160075802645e+01
1.305156929914635811e+01
-3.877945582157427129e-01
1.406270526901417739e+01
1.304816837886577474e+01
1.306170418004330003e+01
1.304453033536554152e+01
1.403716025053418726e+01
1.301912221323654606e+01
1.303786045605626498e+01
1.303634101367319076e+01
1.304462657588556240e+01
1.308210993775180420e+01
1.304731566813079269e+01
1.305802207385706382e+01
1.306470438386697808e+01
1.305772163979214184e+01
1.305015916165800505e+01
1.305429674493445091e+01
1.304873610646808935e+01
1.303913899251980268e+01
1.305538130819338782e+01
1.303520073873689533e+01
1.304205393591291084e+01
1.404481251842639011e+01
1.303431256569154861e+01
1.306775361874824526e+01
1.305146452431676707e+01
1.303956455206512999e+01
1.304410093938594528e+01
1.306366820516545424e+01
1.305843593391832869e+01
1.304828522720710993e+01
1.303925055688544887e+01
1.304753889913339826e+01
1.304038501897384528e+01
1.307784652820534887e+01
1.306595658322149234e+01
1.305659076311960831e+01
1.300512533605547993e+01
1.304439758811500738e+01
1.404080605094737777e+01
1.305956199704855791e+01
-9.724094951569643985e-01
1.304176749646992306e+01
1.305105454594909986e+01
-4.142780408190200880e-01
1.304395071997421596e+01
1.305981869999008538e+01
1.305759315116988972e+01
1.303784640545436524e+01
1.304037614861979932e+01
1.303822440049633968e+01
1.310063586517861722e+01
1.303750586213093321e+01
1.304044540315073952e+01
1.304758651614750775e+01
1.304400307158959649e+01
1.304517850976890259e+01
1.305710227545069912e+01
1.306037381235988448e+01
1.305471935681420348e+01
1.304359186431510231e+01
1.307220563645448230e+01
1.304107427896680527e+01
1.307276786610870545e+01
1.305445102954442049e+01
1.304991300926712761e+01
1.304946575336451886e+01
1.304030106114255716e+01
1.306111262113476812e+01
1.306433062507585596e+01
1.312027608465223416e+01
1.305051550798455828e+01
1.305309513553324763e+01
1.305024252291326192e+01
1.304377368807375603e+01
1.304580590445315380e+01
1.307144859895115729e+01
1.305336408883242960e+01
1.304242118084271596e+01
1.303645898835019423e+01
1.304054601008463798e+01
-2.479226827950388179e-01
-3.882886241323392218e-01
1.306565906492363638e+01
1.304935043253257376e+01
1.304960281121982746e+01
1.304117138043515567e+01
1.307396149094764226e+01
1.720305548092504466e-02
1.303240465119794322e+01
1.303895741910128159e+01
1.405219743973018964e+01
1.304909135156956879e+01
1.305752885964006893e+01
1.504543515019673450e+01
1.303443577871276915e+01
1.304467465427334716e+01
1.308091162631801119e+01
-8.845555054744425050e-02
1.305033498729854813e+01
1.403633731318168287e+01
1.307618136214961879e+01
1.305556030287340619e+01
1.304677886483328919e+01
1.304087894895950583e+01
1.304791383080167400e+01
1.303369133749637143e+01
1.404690242551013313e+01
1.305685560946225010e+01
1.303849070919727637e+01
-7.197572137897664257e-01
1.301092237301229204e+01
-7.366284155952236290e-01
-1.458322004991655652e-01
1.305916034968064565e+01
1.306708635545649599e+01
1.305065658501534998e+01
1.304266052109192842e+01
-2.639384470464575250e-01
1.307774462172053376e+01
1.305420413507747135e+01
1.304045507054512498e+01
1.304579255033358542e+01
1.304624161653450543e+01
1.300750820098532756e+01
1.304661481251347155e+01
1.303951810857576632e+01
1.304580123196519459e+01
1.304656231738900729e+01
1.305187324750297861e+01
1.303902106126174587e+01
1.305415700009095126e+01
1.307694740631969310e+01
7.209158013874525928e-01
-1.445533402583565330e-01
1.303630000878949424e+01
9.719580528983851053e-01
1.304396828630407512e+01
-3.019224700435942932e-01
-3.972661348327621855e-01
-1.715684220495669043e-01
6.673635832836959381e-01
8.305928583561263956e-01
-7.758885474093424328e-01
8.420242491449596578e-01
7.192398560966747345e-01
8.250775226809338170e-01
-2.789166714578923401e-01
-3.774087220560350397e-01
1.000013113065947312e+00
1.307639100302295887e+01
1.002302212335668852e+00
8.115718875945858723e-01
8.187271882121156530e-01
-2.896875926611248708e-01
-4.058176445934554843e-01
-3.478111859030390551e-01
6.253915514552653709e-01
8.831793536074038498e-01
1.306385714787771413e+01
-2.348445618658551171e-01
-2.944923279450194498e-01
-8.360931328246956618e-01
6.257238092984253042e-01
4.435682458722423060e-01
1.304638514115772097e+01
9.357981231129748334e-01
-3.305438782417341459e-01
-7.732397406029963838e-01
-4.270352660815467383e-01
5.403562458966330029e-01
3.930594053599963944e-01
-4.988451375894042972e-02
6.731251190558802389e-01
1.403007034674669384e+01
-2.556994437723194569e-01
-6.877106552569789422e-03
-1.068666223144022487e-01
7.698251705703158532e-01
1.307059182339513370e+01
1.304912131970043099e+01
-9.535642236811003869e-02
6.119004617643821753e-01
-6.342573420635244652e-02
8.587442215746060592e-01
-2.930557734121079783e-01
3.773424991753511204e-01
9.545238342982081958e-01
9.198925031209841396e-01
-8.141213531562080385e-01
7.898760486370353107e-01
1.305280370543031054e+01
8.212603028036391528e-01
-3.090458729738242427e-01
8.987353764313563698e-01
1.307789391818226221e+01
1.303822333108802312e+01
1.302931869987775748e+01
1.305035480747057619e+01
8.748345430041956083e-01
1.309126124753233711e+01
1.310084811012618644e+01
1.308482904304605299e+01
1.307751601850240952e+01
-1.806010041629284579e-01
4.514726661829078225e-01
-3.894453496493912592e-01
1.307180394452929306e+01
-2.757517260634828604e-01
1.304518189628970504e+01
-2.041052378457962613e-01
1.306660424872015369e+01
1.307694893689999915e+01
-1.395047669398765677e-01
-5.488885204347903057e-01
1.305152097841416037e+01
-5.764542547833051422e-02
1.305126518962677196e+01
-1.004595971661819132e-01
-6.816788411280736426e-01
1.303988147757172911e+01
1.309300948565929801e+01
1.304500665581073449e+01
1.306701769623157006e+01
1.403578080040838927e+01
1.304297761491874041e+01
-1.232733826783185549e-01
5.429974911223457434e-01
1.303403084800780221e+01
-2.478445877539859898e-01
-5.517024664817604673e-02
1.404819613699086212e+01
1.302790407069685941e+01
1.305976567061439297e+01
1.307752630507262914e+01
1.305548847561049364e+01
1.303625750079227075e+01
1.308849815644762948e+01
1.306544912580062778e+01
1.303611970074559245e+01
-8.525060466972544937e-02
1.305624843698523563e+01
-3.965354270042233953e-01
1.304984569957782092e+01
-7.583898499480135058e-02
1.304474656146762612e+01
1.303369363976273654e+01
-9.891329997751068248e-01
-7.957757574670927259e-01
1.305346213391977273e+01
1.405553875572389799e+01
1.404723780625964125e+01
1.305236559493581439e+01
1.304689116188257358e+01
1.406725135355951295e+01
1.307707790372001710e+01
-3.914239783018298446e-01
-7.171888647358727331e-01
1.303735316190270765e+01
1.306025967437506097e+01
1.304439979502122959e+01
1.305759783470625557e+01
1.303598948521674039e+01
1.305766229103380027e+01
1.308072367245792123e+01
-9.292785981424040997e-01
1.304403521312232428e+01
1.303335461406903839e+01
1.309290765659531708e+01
1.309276606416768196e+01
1.305209835370546045e+01
1.305013249878413006e+01
1.302798069583768559e+01
-4.210020215397687338e-01
1.403397515140095209e+01
1.307116359445084797e+01
1.307453969637707480e+01
1.305290525350517505e+01
1.306129755426189654e+01
1.306023123828406796e+01
1.305531302013086048e+01
1.304742152340705630e+01
1.306288259823413256e+01
1.304618841558660058e+01
1.306997121797163963e+01
1.304902411482390967e+01
1.305422893853994282e+01
1.304632771992232954e+01
1.306817743736997350e+01
1.304536959217067604e+01
1.307307988214861538e+01
1.307958513145173995e+01
1.307283867876683381e+01
1.402932137576886618e+01
1.304148875670025376e+01
1.305819512784317382e+01
-4.351264153464265982e-01
1.304310919441398653e+01
1.303849503476197214e+01
1.307043141637655737e+01
1.304483008747841666e+01
1.306226912803783691e+01
1.304730963974622959e+01
1.304983143107184063e+01
1.304944493060550315e+01
1.306787407873728135e+01
1.306964289698717963e+01
1.308842229861795303e+01
1.305554425948848873e+01
1.304495946027738462e+01
1.303271652919168488e+01
1.305027716004261684e+01
1.305341957086156413e+01
1.304477166611959582e+01
1.298009192815383450e+01
1.305248045774048116e+01
1.605340156958376596e+01
1.303844964629779568e+01
-3.936041712366272760e-01
-7.154184476130300840e-01
1.305955694389687949e+01
1.307679080341125655e+01
1.307112332285489664e+01
1.306308671513916408e+01
1.304610234516506750e+01
1.303860401299035132e+01
1.303486622172979281e+01
1.304827327259739178e+01
1.304114196298489503e+01
1.304102013247618075e+01
1.307172628581583140e+01
1.305340281616124187e+01
1.306777994842165214e+01
-4.355889446609069182e-01
1.305743161708597100e+01
-8.512879250834064493e-01
1.302647868318812741e+01
1.306823300166361257e+01
1.305893550428716843e+01
1.304666962410606068e+01
1.303408630326473272e+01
1.302599678222128787e+01
1.306114693626232182e+01
1.405057806953167088e+01
1.306745266558056962e+01
1.306054103424069268e+01
1.306136645505028682e+01
1.307459060032849507e+01
1.306556106648169724e+01
1.306173018694548560e+01
1.306443961829382516e+01
1.306644269988903062e+01
1.306802325832896372e+01
1.303943426872510969e+01
1.309533718662428470e+01
1.305907082618378467e+01
1.307732880596192082e+01
1.306760405295931093e+01
1.306033579224563113e+01
1.306704881120062112e+01
1.306006010464335176e+01
1.308221160279453343e+01
-9.846727536970805161e-01
1.306322603433329554e+01
1.306679103674249198e+01
1.306385794463746208e+01
1.304926088121094807e+01
1.303304671179633090e+01
1.305392199642487405e+01
1.402828049644111452e-02
1.305047604773204561e+01
1.306596548507248201e+01
1.306680786819114459e+01
1.306480036944296330e+01
1.305524985557237017e+01
1.304277204547512881e+01
1.305575269212209832e+01
1.303982064295599841e+01
1.304192354549719290e+01
1.304083270128115757e+01
1.305559200461473246e+01
1.307608749589103780e+01
1.304493957500951673e+01
1.304982445937945279e+01
1.305371481970950498e+01
1.303726652025090615e+01
1.307851443913635414e+01
1.305644294638724290e+01
1.303413209693535890e+01
1.304227136770745687e+01
1.309097149618835054e+01
1.306587229871199440e+01
1.305324446561616014e+01
1.308940916282390177e+01
1.304522234964982275e+01
1.305814511091946351e+01
1.305775466922394301e+01
1.304680319556876888e+01
1.309252672732272771e+01
1.305469370647679384e+01
1.308218654340417331e+01
1.307614833114563879e+01
1.305284403544094296e+01
1.307514273769555935e+01
1.307592530011695686e+01
1.304924644079373408e+01
1.304516381134969727e+01
-2.608728095656208668e-01
1.306042598741678873e+01
1.305728260329595969e+01
-3.641923613651691927e-01
1.305322911296920729e+01
1.306190710086570661e+01
1.305775846842609056e+01
1.306667688450600728e+01
1.309501108661827118e+01
1.304049315278824039e+01
1.303409140641070252e+01
1.305280417556872408e+01
1.308845723468299127e+01
1.309346123111454752e+01
1.306843813185835401e+01
1.407458811901552309e+01
1.307432446591523600e+01
1.308552594958154103e+01
1.306233620455996913e+01
1.308283582112542121e+01
-9.317288636362273113e-01
1.307358411027540868e+01
-4.342381701382198589e-01
1.305722316185799592e+01
1.304352479543358712e+01
1.307357994634240583e+01
1.305776703177330589e+01
1.307271823253288900e+01
1.304197112523623403e+01
1.306589412932137861e+01
1.305993804118875978e+01
1.306200908348717604e+01
1.308079152999377825e+01
1.304600510315098205e+01
1.308618932390237610e+01
1.307592939003364663e+01
1.306535719016230779e+01
1.400196696281946274e+01
1.305350462076477847e+01
1.308714156092169745e+01
1.303928158100744383e+01
1.305112217290807131e+01
1.305519510343369127e+01
1.307632775377115308e+01
1.307566385958518751e+01
1.309032488832460928e+01
1.306185320078925827e+01
1.303760232106611383e+01
1.307486831631897317e+01
1.308772992071265051e+01
1.304469919791996801e+01
1.305245656374214036e+01
1.308259848126576941e+01
1.308262149765573668e+01
1.307924015493197345e+01
1.303804853130721497e+01
1.306458829884331863e+01
1.309015953799305443e+01
1.308831280458054991e+01
1.309291313960543413e+01
1.304434097294450190e+01
1.306625299413387609e+01
1.307325017408759571e+01
1.305255580744848132e+01
1.307156432961775749e+01
1.308014979690923596e+01
1.305674516989444989e+01
1.308618073259998305e+01
1.306483754921240426e+01
1.309102566638509657e+01
1.309470223621479334e+01
1.306555667643512741e+01
1.308637145959665560e+01
1.307339093613447289e+01
1.306797273548438199e+01
1.307472208920833978e+01
1.308314307007284683e+01
1.306661717824104940e+01
1.307162493782998425e+01
-4.514509602685128353e-01
1.307011527697570230e+01
1.301930178351001643e+01
1.307714005556576886e+01
1.307220878563465050e+01
1.405443448407476303e+01
1.304216470472869815e+01
1.306676644510704577e+01
1.304199624549600145e+01
1.406003006404343836e+01
1.305219629525698721e+01
1.307020483124243704e+01
1.305943816912077260e+01
1.305375878373918752e+01
1.306222416870901526e+01
1.308061904465085590e+01
1.304966690905114390e+01
1.306188242177338843e+01
1.304198617092891865e+01
1.308005990062475377e+01
1.305329935585984025e+01
1.305475232539183672e+01
-4.356629372029252600e-01
1.305607506603871215e+01
1.308964364350286580e+01
1.308201918523193363e+01
1.305486434203526258e+01
1.306016746607647860e+01
-1.416989973011473225e-01
-8.105964040639375146e-01
1.307791994474666808e+01
1.304764885304041755e+01
-2.282921226905776368e-02
1.308096988599008625e+01
1.304211712635695619e+01
-5.678838187688017847e-02
1.307453102306703308e+01
1.305101739371180969e+01
1.306424540986964544e+01
1.304283050623569196e+01
1.305837320927557421e+01
1.307373416688184875e+01
-6.735094730295640986e-01
1.309182742628046547e+01
1.304837374187355792e+01
1.304046851430489795e+01
1.305168275585542759e+01
1.309326330805997074e+01
1.306878391191751732e+01
1.305195964658402730e+01
1.308082244628813839e+01
1.310444081776244118e+01
1.308461460655399122e+01
1.306710253210775718e+01
1.308849627883290445e+01
1.307550433908214416e+01
1.309481472318195294e+01
1.304231455039365351e+01
1.304080555402683572e+01
1.304835042911585319e+01
-3.606990812939440127e-01
1.304846424192286314e+01
1.308412712117765864e+01
1.307373096453020977e+01
1.308164852010439638e+01
1.305716456643057555e+01
1.304878546412385631e+01
1.304362028240329963e+01
1.307098880685760811e+01
1.306144528044337250e+01
1.304620513837820539e+01
1.307259082621191126e+01
1.305125750897719428e+01
1.305155429391085065e+01
1.305526342373988946e+01
1.307506512076682981e+01
1.306235852676569564e+01
1.404126539925618822e+01
1.305243633276776194e+01
1.306169204913190640e+01
1.304661071624622970e+01
1.307591835673477476e+01
1.304956244321093628e+01
1.306605661210781477e+01
1.309750991609121940e+01
2.793810792446715929e-02
1.305699945918464699e+01
1.307027315405316159e+01
1.304786237167730079e+01
1.306921898298377904e+01
1.307221891253560742e+01
1.305785150074015633e+01
1.308041004884050906e+01
1.307201424472009421e+01
1.306382751251230800e+01
1.307873031097905425e+01
1.304045909654774604e+01
1.305330444727146855e+01
1.309417738675932696e+01
1.307157364714861458e+01
1.306120406752099683e+01
1.305429018782139394e+01
1.304860215882253982e+01
1.305432128078703613e+01
1.308068294932227360e+01
1.306979559002740032e+01
1.304571308032296884e+01
1.306553808179461562e+01
1.305231330578282645e+01
1.308257294167067997e+01
1.307349289235222223e+01
1.306121151837998617e+01
1.306655501533339603e+01
1.308232903634948130e+01
1.305823348354487479e+01
-8.333945779663304299e-01
1.304431181710455157e+01
1.303666595937329120e+01
1.306118681215053812e+01
1.307108555452712650e+01
1.305399151461641871e+01
1.306268459842212692e+01
1.302390903696277569e+01
1.304655210712291691e+01
1.308792752462453279e+01
1.303903524460857355e+01
1.307526977143688640e+01
1.305033071779262599e+01
1.306447946809436189e+01
1.307836079382946437e+01
1.304741536564060311e+01
1.305765900482789377e+01
1.307350261848101525e+01
-6.052735757672857986e-01
1.307042587603446648e+01
1.307090163328281385e+01
1.306008057202927475e+01
1.303992949186955386e+01
1.306056939594143529e+01
1.307950663212319142e+01
1.307464926176406195e+01
1.308658151298561911e+01
1.309903477596910548e+01
1.307007314544592802e+01
1.303828418420025770e+01
2.363862656846316135e-02
1.307494907767724612e+01
1.307385110748979073e+01
1.304030541797976639e+01
1.306902710664025236e+01
1.306039366038584504e+01
1.306192691132998007e+01
1.304807538603019346e+01
1.305483565167552129e+01
1.303486556886130110e+01
-1.828309510127729132e-01
1.308122798724347646e+01
1.306928638015426714e+01
1.306913735555448142e+01
1.307968030845070295e+01
-6.848152169490218100e-01
1.309585153941372226e+01
1.307661683247745010e+01
1.305104739265355818e+01
1.307140691117201570e+01
1.307786382868106223e+01
1.306606659334402920e+01
1.308596963611321229e+01
1.308230948213218703e+01
1.307027302109569611e+01
1.306516089704855332e+01
1.305153530841665521e+01
1.306217461373591782e+01
1.306920361209176917e+01
1.308374807601015632e+01
1.309876235801005251e+01
-3.381830188415735350e-01
1.304268355076128749e+01
1.308645775535320510e+01
1.308574554198420259e+01
1.307232936873242224e+01
1.309424383725344754e+01
1.306767738561212511e+01
-1.477593602463637135e-01
-1.990880049718610767e-01
1.307151539030821930e+01
-9.030352153983545183e-02
1.304532771467020424e+01
1.306395924094362826e+01
1.305383396419959752e+01
1.307053093097569629e+01
1.306363584358677521e+01
1.305676475614374610e+01
1.305754768878761851e+01
1.305998138247574936e+01
1.307030667992181350e+01
1.306191196471738536e+01
1.312613578716234208e+01
1.308028517865260554e+01
1.305335650140715131e+01
1.305350167045017429e+01
1.307572548828495407e+01
1.304989733369062499e+01
1.305370112417082495e+01
1.305021361964117155e+01
1.306067981605285411e+01
-9.927400206916973113e-01
1.307925900406502251e+01
1.308526627906579343e+01
-4.320982595606085441e-01
1.308308552401414815e+01
1.307330064378601975e+01
1.305425460144672201e+01
1.308486846257983771e+01
1.306236939940187725e+01
1.306614345102188679e+01
1.307407985805078354e+01
1.308501439537596411e+01
1.308235981791012037e+01
1.306475679420204727e+01
1.304914141898421676e+01
1.304331353257857984e+01
1.306810840788602235e+01
1.304228361783239620e+01
1.305917030519383104e+01
-9.641416263905554507e-01
-8.721720840578071066e-01
1.306851683025627864e+01
1.307201965224535023e+01
1.305119574736168531e+01
1.303987486752927083e+01
1.305420109668114748e+01
1.307719265404058184e+01
1.307532458373602680e+01
-3.859882167047672397e-01
1.308361711363841451e+01
1.307424409409469135e+01
1.308563744038615262e+01
1.308999843210803249e+01
-9.341307404347146681e-01
1.305354111651547200e+01
1.306717594731681054e+01
1.309387836226679092e+01
-6.326862875859404767e-01
1.308245500083017987e+01
1.307186741206611735e+01
1.307436771031794542e+01
1.304492325229266214e+01
1.305769672805034887e+01
1.307347053438199325e+01
1.308058739338806475e+01
1.303374613466378662e+01
1.309048445366999225e+01
-4.134159462928108653e-01
1.305192112302859186e+01
1.306997650244899312e+01
-3.795169318643437650e-01
1.305249002232322653e+01
1.307888922768983342e+01
1.307774885137522602e+01
1.307308756031848418e+01
1.304862081269113716e+01
1.306543984010106030e+01
1.303782450230157508e+01
1.306152344012292232e+01
1.305760934710779253e+01
1.303777283002140308e+01
1.305225246539744965e+01
-7.597187654641418542e-01
1.306805863707487525e+01
1.305843833399552523e+01
1.306025556452763681e+01
1.304257573171685536e+01
-6.187411484373106507e-01
1.306133418036394289e+01
-8.758723549861290314e-01
1.305745317987315701e+01
1.301436413697507533e+01
1.305047554693731193e+01
1.307180776116314291e+01
1.307113797978861847e+01
-6.384808840018195708e-01
1.308353206383650047e+01
1.309700721069182094e+01
1.306981499499937271e+01
-2.828528254212535620e-01
1.305712370408039114e+01
1.306309393180326417e+01
1.306655653007068985e+01
1.307593198954958424e+01
1.306907966189592507e+01
1.306305498187905201e+01
1.308306232857270857e+01
1.306591010087423399e+01
1.614799677142531031e-02
1.306662367712653960e+01
-3.163604041947271073e-01
1.306235427549362704e+01
1.303953090851038610e+01
1.307727542006129795e+01
-3.330573067829170064e-01
1.308111675846540400e+01
1.305084030691345021e+01
1.303896860722853290e+01
1.307256864963814813e+01
-7.141735343664357138e-01
1.307382968989425720e+01
-3.041157096988889030e-01
1.306776566884926183e+01
1.303632843408567510e+01
1.304387875358213478e+01
-1.865454093061756913e-01
1.306405775082586551e+01
1.305590094996851391e+01
1.304436708040830162e+01
-8.460919959613092400e-01
1.306853924755822227e+01
1.307217387250664409e+01
1.305660229002559802e+01
1.309151703507371423e+01
1.305392016526718990e+01
1.308438692745242093e+01
1.305719154468164156e+01
1.306569131052749100e+01
1.303866006655666965e+01
1.306266835503488721e+01
1.304118109812992010e+01
1.305667711323170721e+01
-7.901237383465679054e-01
1.307224645661245788e+01
1.303363814796010089e+01
1.406185477608587853e+01
1.305675099645509007e+01
-7.105542543867049421e-01
1.305342933839615327e+01
1.308526977557980331e+01
1.309263986271123059e+01
1.307917627735608512e+01
1.308155184112916025e+01
1.306493401745577287e+01
1.307636367587804749e+01
1.306642549695861533e+01
1.303546840357774173e+01
1.307254204083378646e+01
1.307271151790506991e+01
-9.836476967852293418e-01
1.303336024122090464e+01
1.308001717779555761e+01
-9.451159072078606505e-01
1.303683435019032544e+01
1.308143409812167590e+01
1.309379478452261480e+01
1.305687651979667763e+01
-4.996437037980194784e-01
1.311084501151715642e+01
1.304808020530247248e+01
1.306181468619035080e+01
1.307084674242272193e+01
1.304564355829560895e+01
1.306887637427281845e+01
1.306584701546078264e+01
1.308484779138033360e+01
1.302976463872203716e+01
1.306148107156686322e+01
1.305620482265105764e+01
1.308608420868280575e+01
1.306194854810658867e+01
1.308866131190196214e+01
-7.285157835771518542e-01
1.304748517129026375e+01
