4.850452808059939613e+00
4.904357257073723275e+00
4.897801108560075001e+00
4.842439110063271990e+00
4.787940852825522065e+00
-6.844326964537701397e-01
-6.623921933603980072e-01
-6.960974348523346622e-01
-6.842057380281352241e-01
-6.999535114726569418e-01
-6.957106260645468110e-01
-8.370352847227280346e-01
-7.031078958904258824e-01
-5.618108869984788090e-01
-6.804125827262788029e-01
-5.000130620024995087e-01
-7.603135885822953632e-01
-4.838577686895837449e-01
-1.427376145659410955e+00
-9.747615856783005128e-01
-7.765338340322558430e-01
-6.777240324692068718e-01
-1.047004540799274741e+00
-1.221940251978614667e+00
-7.243036019168266337e-01
-6.501558184556399667e-01
-1.808521737097695370e+00
-7.051949964768613466e-01
-1.649112027136261149e+00
-8.836835212344167356e-01
-5.129265293367825107e-01
-8.212625955510635123e-01
-7.124218204647908559e-01
-2.101347263737647797e+00
-6.785163906753117757e-01
-1.407781844299217155e+00
-1.355135305262852086e+00
-7.837011755335614449e-01
-1.335108876598035899e+00
-7.153412782670183212e-01
-1.654859236565259906e+00
-1.626569292534399969e+00
-1.125034744587021462e+00
-1.407966557918151285e+00
-7.420603588091065905e-01
-1.511165030301014678e+00
-9.402518627797287198e-01
-1.478221740911939808e+00
-7.026194767301550126e-01
-7.177830574893879767e-01
-1.062388279705396732e+00
-4.723517915544582779e-01
-1.653440476232188150e+00
-7.036610399853842068e-01
-8.162097477820424718e-01
-1.701450327672954899e+00
-8.187030284267299285e-01
-7.430103732809978379e-01
-6.698270544031115215e-01
-7.060037271276191628e-01
-2.000862914774616641e+00
-2.719239351301558916e+00
-1.281922190429355624e+00
-9.578931242541124380e-01
-1.105645479057181912e+00
-2.091002955757921278e+00
-1.221514306587414556e+00
-1.448117533652925282e+00
-1.047503311090126177e+00
-1.438410013885970784e+00
-2.105529693831135862e+00
4.222367361505130035e+00
4.373675255500668158e+00
4.349441851376520063e+00
-1.031694592275719691e+00
-1.058379570240412848e+00
4.927799504757976123e+00
4.911768529001417249e+00
4.824947495954120313e+00
4.357459365950823837e+00
4.744941851664412624e+00
4.773126583283897162e+00
4.873684142367962657e+00
-4.618934587050238516e-01
-2.557137475746404931e-01
-4.872427373660656036e-01
4.743365790280596350e+00
4.618163913023177081e+00
4.792728642505144521e+00
4.602970469604700021e+00
-2.395952928513390701e-01
-9.542219253980551708e-01
4.674961648876772458e+00
5.158470196806908881e+00
4.674544422292653323e+00
-4.690215556159020860e-01
6.713788468617856608e+00
-2.610475695999839862e-01
4.814492639219766446e+00
4.158116002785244625e+00
4.516625948935274693e+00
4.943804644145977534e+00
4.916102202726833070e+00
4.603350710865747430e+00
-2.528683455465057239e-01
4.950596432436276118e+00
4.685596142095048044e+00
4.924278828754251158e+00
-7.667318519020223100e-01
4.921435827488338077e+00
4.819852403346433611e+00
-7.900056285815675317e-01
4.764745238764845681e+00
4.812102787184637798e+00
4.860863978371183336e+00
-8.097741588005744617e-01
4.718537690183989497e+00
-5.313179650927575270e-01
-2.588573865934569174e-01
4.768070692730201010e+00
4.859405330945518742e+00
4.846527410348985931e+00
4.865004213307498659e+00
-7.560305284484118982e-01
4.788497252593817421e+00
4.809684775875400220e+00
4.780228519325335768e+00
4.826229665243204181e+00
4.522810232273237752e+00
-5.047759091741013115e-01
4.822402502633300614e+00
4.515602195105975269e+00
4.889945026865293976e+00
4.936270372516870175e+00
4.894455451416312997e+00
4.751574269277746509e+00
4.827766279607251576e+00
4.932324899874147128e+00
4.796175826835685996e+00
4.868343676078713322e+00
4.823170878008499862e+00
-4.257265273612900192e-01
4.777199320733948262e+00
4.911603336460211189e+00
4.858593877305019682e+00
4.698668516164598685e+00
4.841489877479471460e+00
-7.291152269500347227e-01
-3.902630079163567078e-01
4.894253257932992263e+00
4.853527200666832186e+00
4.887177833014541228e+00
4.803172116397171010e+00
4.597334199819334444e+00
4.734719978534801754e+00
4.922398066633665081e+00
4.911440021375574894e+00
4.911510817145517294e+00
4.872277180964513121e+00
4.897577694053685704e+00
4.796890019739493027e+00
4.743342749727670338e+00
4.898665089969111541e+00
4.931896423011340680e+00
4.872389411088693834e+00
4.935215800815041298e+00
4.816252957266636159e+00
4.824558132429127788e+00
4.770086076676652631e+00
4.932894556366869132e+00
4.796188203204383882e+00
-7.798307787458987894e-01
-7.794678642351946518e-01
4.946208216995238161e+00
4.888732356356356945e+00
4.958734943856539346e+00
4.918842897820331572e+00
4.932251479089472923e+00
-5.060291824682241479e-01
4.899289250590110889e+00
4.939031418070491952e+00
-4.076741080265964268e-01
4.948251790292898633e+00
4.903022624580763988e+00
4.933111885773755034e+00
4.933580585273062091e+00
4.893505488310913698e+00
4.895904894673321905e+00
4.943460504428442981e+00
4.944844985324133191e+00
4.729841506597212586e+00
4.831106688635362190e+00
4.877776329730060922e+00
4.829784260572366428e+00
4.874867018974185839e+00
4.904181015845286318e+00
4.772149046897971481e+00
4.862372949301359881e+00
4.913736032415780386e+00
4.910009695560146881e+00
4.938991543086125091e+00
4.925064859035805043e+00
4.809642392399064548e+00
-3.691840352407118608e-01
-8.321304708561814145e-01
-5.196923647293032467e-01
4.856884549905778670e+00
4.873650599695583452e+00
-8.284407721643590738e-01
-9.092286833863828521e-01
4.855867883597474233e+00
4.747005626281394441e+00
4.804235134787431249e+00
4.849425497221347747e+00
4.831535230479841125e+00
-9.217152626535215498e-01
4.761398796139888923e+00
-9.056485609747000343e-01
-8.863532251199686129e-01
4.819672955767723366e+00
-9.328988462411299531e-01
4.844222056782685470e+00
4.893763135136740772e+00
4.842655253361465739e+00
4.669483066302007046e+00
4.724832854239082280e+00
-9.378773582033638201e-01
4.955875518460038265e+00
4.847638861653662090e+00
-9.147912308247821978e-01
4.883445405952520524e+00
4.819084753310569624e+00
-9.283813061957634227e-01
4.863824180323462087e+00
4.909597031402805456e+00
4.902087810469165419e+00
4.905035675905677905e+00
4.893390162724667647e+00
4.783236513176947646e+00
4.878257481867870560e+00
4.936837220143812210e+00
4.846782210959032611e+00
4.923629486915547915e+00
4.950395057460154291e+00
4.803013425539466752e+00
4.912191450500876577e+00
4.807031277856593121e+00
-8.094685248420253609e-01
-7.846045174999756178e-01
4.904681844040259087e+00
4.882554425186089730e+00
4.876874173613092722e+00
-4.986843387368882219e-01
4.953912863081433748e+00
4.902509487613823325e+00
4.878234432825975908e+00
-4.985121341342215739e-01
4.863709859512257871e+00
-7.826815362964454348e-01
4.798126325220895438e+00
4.906613849387323256e+00
-4.370993902351008042e-01
4.914551996662471112e+00
4.936076604575854176e+00
4.880474075532362122e+00
4.936395386307518507e+00
4.933753136876753764e+00
-4.238597405403836671e-01
4.860232073966843203e+00
4.945143247317536961e+00
-4.580120310635618086e-01
-4.728507929146072986e-01
4.924880066751455843e+00
4.942173866126800874e+00
4.891044101560792612e+00
4.886559889294638914e+00
4.933541354474173524e+00
-8.102223169810776060e-01
4.884934875714508351e+00
4.920142715981752346e+00
-4.696013235467716429e-01
4.842981258920401544e+00
4.955485578211071385e+00
4.922778098478628905e+00
-4.702297271624277242e-01
4.681120733593607142e+00
4.765222520700437059e+00
4.703381166787664824e+00
4.908818907986963964e+00
4.919088951759246875e+00
4.612930125060086262e+00
4.799508830968957973e+00
4.877884817222440716e+00
4.694119744134234828e+00
4.743348094246289115e+00
4.917200064824660544e+00
4.871289674642218515e+00
4.896044722057260046e+00
4.922955183449954752e+00
-5.769569058133028339e-01
4.869009821525652981e+00
4.710622518874307829e+00
4.805736370262826185e+00
4.932458825751590226e+00
4.809852563985684171e+00
4.739755764507003200e+00
4.902238330744952854e+00
5.874388240399715855e+00
4.938750596582687891e+00
4.785129618496887893e+00
4.742457184929797620e+00
4.886799451320479548e+00
4.917540235828155915e+00
5.637199348638465501e+00
4.864252990364636986e+00
4.920499329979650227e+00
4.797086225084436606e+00
4.954254912018554613e+00
4.894408501274913448e+00
-5.164834880938700135e-01
4.925888784299738532e+00
4.949941359720492429e+00
-4.936271707980014467e-01
4.932086910261000767e+00
4.886001218520227951e+00
4.863927707997067529e+00
4.837132188173182357e+00
4.922879074137670230e+00
4.913051424661999178e+00
4.764062369915396999e+00
4.893017178547507839e+00
4.830291177620819276e+00
-8.010318669762759303e-01
4.888012427403411131e+00
-4.031894753299742895e-01
4.880357109030750706e+00
4.908134134256576075e+00
4.907579728792588192e+00
4.862209357239137830e+00
-5.969126458442508554e-01
4.876506826433022468e+00
-6.046424373344503334e-01
-1.787919321121069771e-01
4.932622819233522193e+00
4.794880329171752109e+00
4.812933868371620960e+00
4.865971371525025901e+00
-8.971468198362120283e-01
-8.375475410886147332e-01
4.822316347880312826e+00
4.867060267891138992e+00
4.904835576177740464e+00
4.834574216183701978e+00
4.870458640814218754e+00
4.910463396210440479e+00
4.900709819940782808e+00
4.788765545294205062e+00
4.792342813880471120e+00
4.423744880963733195e+00
4.827110190191039596e-01
4.934859450538191084e+00
4.899063549469207857e+00
4.969135862427372707e+00
4.897981103602561781e+00
4.791080374061322367e+00
4.926486585361727677e+00
-8.481932947945243217e-01
4.845038732704585627e+00
4.923755361238947081e+00
-8.051919547349296602e-01
4.880406752030161499e+00
4.886065591300949862e+00
4.812223994898601198e+00
4.926210831891403963e+00
4.876010390885852530e+00
4.959971451122330066e+00
4.826424044492523713e+00
4.943637614196262575e+00
4.889181062228743713e+00
4.910563514304810084e+00
4.830572834029350560e+00
4.914853577392733541e+00
4.808837544929609464e+00
4.862069532144349004e+00
4.804941572225451374e+00
4.926893058227460820e+00
4.862312201378330201e+00
4.873221986373935444e+00
4.857974877310218709e+00
4.816055941271427443e+00
4.922453162651839520e+00
4.882066538123222443e+00
4.912624091782566538e+00
-7.606308905122429742e-01
4.933840737811384436e+00
4.862969696790687024e+00
4.924182297541634057e+00
4.826038886264670147e+00
4.828113039369270609e+00
4.900701314721690238e+00
4.754586716274738833e+00
-8.607072659923863389e-01
5.875435996260443439e+00
4.866880949919352162e+00
4.944011365219525445e+00
4.900004189870685423e+00
4.847323389927017168e+00
4.924337296753856563e+00
4.890444626018521923e+00
4.944402437148491813e+00
4.804801324585652011e+00
4.902939568633394529e+00
4.912534435192304372e+00
4.865847143977870104e+00
4.910398218834724382e+00
4.811212902548653858e+00
4.938042586069762763e+00
4.948666489407897551e+00
5.613777483405339552e+00
-4.885043267791786548e-01
4.931649936108119192e+00
4.903408818355673660e+00
4.882266366135480595e+00
4.781797461343799682e+00
4.843117325615498459e+00
4.909785477021088695e+00
5.826576866474796113e+00
4.883120022699488416e+00
4.854598525305524603e+00
7.055163121948224703e-01
4.860119392621052192e+00
4.777845625083163128e+00
4.914613333193742051e+00
4.915796147552660145e+00
5.802414599630173697e+00
4.932849169402595102e+00
4.920700053556123166e+00
4.956335720019789726e+00
4.877888916028908284e+00
4.921093252555492015e+00
4.951812661575297980e+00
4.946515008713898709e+00
4.949140920337931959e+00
-7.882885927024376738e-01
4.959638208015102023e+00
4.874204554879860929e+00
-8.657559165735949636e-01
-8.931170137873117865e-01
-8.496795611622374178e-01
-7.829899532844843968e-01
4.919628473262849688e+00
4.920098654132458726e+00
4.919950383925272064e+00
4.951822428190467029e+00
-8.081934961223860014e-01
-7.704070787549854860e-01
-8.038563348734282243e-01
4.925027135317118443e+00
-7.699683893604089002e-01
-7.203854848102441144e-01
4.921285723724209582e+00
4.937447160556461156e+00
4.922192314383432077e+00
4.933552589663796617e+00
-8.301262031499115901e-01
-7.652590085450077240e-01
4.917071569325493385e+00
4.908898389825901987e+00
4.962006422246223458e+00
4.940887161163090013e+00
-9.874409810287191336e-01
4.915130447539796776e+00
4.919195602380461274e+00
4.879151141997452257e+00
4.853658626086644112e+00
-8.056749963432373596e-01
4.942885263404201979e+00
-8.380489222276772399e-01
4.873213371528239080e+00
-7.891991007353745813e-01
4.887744475864911564e+00
4.940726408043770945e+00
4.933848341528101145e+00
4.697756604341271292e+00
4.885565882768336365e+00
4.940295751813067682e+00
4.927975811351137381e+00
4.873221137908407385e+00
4.914431008223839825e+00
4.919367622856428923e+00
4.928890128826122208e+00
4.867762163976832035e+00
4.922911144773070902e+00
4.937869413485691972e+00
4.935881959394196272e+00
4.960350022752746391e+00
-7.970830778055205679e-01
4.922174367088247848e+00
4.917246336338390478e+00
4.823247540375959375e+00
4.932614452864030774e+00
4.950760986468295322e+00
4.928212805636656313e+00
4.961264030516359114e+00
4.892114681455046465e+00
4.981547459949416279e+00
4.945937388356322018e+00
4.941294667989789779e+00
4.877437005832628181e+00
4.922806505524690124e+00
4.924702833255761192e+00
4.950076683271054989e+00
-7.935862135869490297e-01
4.911702658001191324e+00
4.937985843381477835e+00
4.882171819648334576e+00
4.909445442824878825e+00
4.931414097972265154e+00
4.865728285590460445e+00
4.907779469617226553e+00
4.905084790042313792e+00
4.906168264876599849e+00
4.846490800546771283e+00
4.952042693462190392e+00
4.955678273926321431e+00
4.954573582806712118e+00
4.926739948959825810e+00
4.906768092360423772e+00
4.945369410727398218e+00
4.931043381434630390e+00
4.932333758103577104e+00
4.916218204257924995e+00
4.941966500256487649e+00
4.892154162247792648e+00
4.927798438598214759e+00
4.840965059711653140e+00
4.961173597183186956e+00
4.926259594195892433e+00
4.941347203435322299e+00
4.963630223611852799e+00
-5.311371889254916656e-01
-5.352060597089578486e-01
-5.309115119938072613e-01
4.900714965975021542e+00
4.897102371122745268e+00
4.918721960629921952e+00
5.824062095828436370e+00
4.861690938703193687e+00
4.900705838523759184e+00
4.913343263364447822e+00
4.953629818643300098e+00
4.809456432667639447e+00
4.876195854207559854e+00
4.922357452547517553e+00
4.950744408110264061e+00
4.878100677939388063e+00
4.910085802562323742e+00
4.912445216797037162e+00
4.874810793362467365e+00
4.914713945485652324e+00
4.907716266478350242e+00
4.879797492374435386e+00
4.841875663148727860e+00
4.902889024206225521e+00
4.891065193604120509e+00
4.962326320426830861e+00
4.912816894748790020e+00
4.879127635094962834e+00
4.942812983278931149e+00
4.933255980046317823e+00
4.920179473634393119e+00
4.946851417306850962e+00
4.945253518758051747e+00
4.892331088380425186e+00
4.957086864473971843e+00
4.896536417812498598e+00
-5.297836630591127305e-01
4.882812579248136942e+00
4.913523068124328042e+00
4.885204281918976932e+00
4.937031881440521630e+00
4.887835343931088872e+00
4.949174113049442880e+00
4.974177509420123933e+00
4.942706369166141478e+00
4.898512762841924939e+00
8.140963585837521777e-01
4.960103085419482305e+00
4.927958301471694114e+00
4.935120972908215720e+00
4.938359304820870044e+00
4.916533323207358919e+00
4.868605746216604580e+00
4.896144796774247965e+00
4.921658762859402181e+00
4.866257414226460298e+00
4.883956189183787266e+00
4.873701331966165284e+00
4.919698784796549873e+00
-4.058240530216176145e-01
4.884087262583817868e+00
4.889865440954011433e+00
4.877903890253653785e+00
4.918802518616057995e+00
4.915668083459914683e+00
4.917814511607456751e+00
4.923643847756101977e+00
4.842366868483865439e+00
4.901020524793358035e+00
4.874822220923705096e+00
-5.692538791651621244e-01
4.906105069052872913e+00
4.927502665113794755e+00
4.965861034010186970e+00
4.974924462472895215e+00
4.891244690907969428e+00
-4.442640473440579996e-01
4.814742503303332199e+00
4.927216071188684765e+00
-8.224939795111932961e-01
4.906494449743576070e+00
4.946168949002556658e+00
4.904933930633655237e+00
4.929891835310003856e+00
4.966601956720445799e+00
4.935138411894632426e+00
4.901640817796953264e+00
4.915915097964029812e+00
-7.870974972756290544e-01
4.924351695038316379e+00
4.922524681558317461e+00
4.947993776735783555e+00
-4.506734790253494882e-01
4.953732842360135891e+00
4.914346918367764161e+00
4.885707178384945948e+00
4.916890076211035243e+00
4.888023490447092279e+00
4.951170022988843122e+00
4.873696598200845109e+00
4.897282205731070093e+00
4.873031647527787058e+00
-8.693744900861737346e-01
4.946161838142037581e+00
4.909696866946619664e+00
4.902757429585625104e+00
4.844514684763004730e+00
4.917081539004533042e+00
4.948552938506662002e+00
4.967980551270246181e+00
4.931400874409481716e+00
-7.598161322735303980e-01
4.913976242102982894e+00
4.892393894375281604e+00
4.866351783802469910e+00
-4.616835993644957670e-01
4.955325684823835175e+00
4.956695241569617494e+00
4.930377951245194623e+00
4.890762374020437342e+00
4.903603608122359958e+00
4.942188752546220698e+00
4.895697868862743718e+00
-5.021728461472955152e-01
4.897744333074593115e+00
-4.828142963370789520e-01
4.810657198076537355e+00
4.894045046435584467e+00
4.857928620881232007e+00
4.908084235369205572e+00
-7.645211387254793323e-01
4.918408677710873533e+00
-8.421213937872101818e-01
4.940655975975982273e+00
4.957972677644550963e+00
4.918931942247303901e+00
4.933646382329683000e+00
4.926158027884063095e+00
4.936735231334198559e+00
4.959480085575178165e+00
4.960522831663404020e+00
-4.538496663027428157e-01
4.960520205192104903e+00
4.931032208119033200e+00
4.928634097696114047e+00
4.972662683167055064e+00
-4.901322344657955687e-01
4.965444893983793406e+00
-3.754785466369920943e-01
4.950080954134961075e+00
4.937166004789525608e+00
4.932467037457073822e+00
4.942525968119297453e+00
4.924876119013044118e+00
4.949601216500196799e+00
4.930674429186758800e+00
4.885106879943940328e+00
4.930606218380122030e+00
4.890627806364174823e+00
4.921464169928851717e+00
4.956639810782544231e+00
4.960712865435800367e+00
4.960398306843321947e+00
4.872182599782607149e+00
-4.424227079828211284e-01
4.889353877031775042e+00
4.831507672945390297e+00
4.940364838898974043e+00
4.902137753035183287e+00
4.953170347626139502e+00
4.914852415554459952e+00
4.965859614937199851e+00
4.922747732322486414e+00
4.939649989469033997e+00
4.941187768069079667e+00
4.941945211524442882e+00
4.948939012754641098e+00
-3.644722471735959424e-01
4.884700558459037723e+00
4.939393470393275365e+00
4.949888402735611592e+00
4.944774475938277902e+00
4.942198150370177956e+00
-4.963509711496624233e-01
4.939240540063322804e+00
4.961709557391522196e+00
4.820756384063314748e+00
4.906678159795172967e+00
4.955047180269808393e+00
-5.627654034988514020e-01
4.930640864343283525e+00
-5.029372838869113904e-01
4.920607517673712294e+00
4.902870581375093906e+00
4.841513052615352031e+00
4.946235807371595072e+00
-8.063780883913225228e-01
4.946690491116338961e+00
4.942437821185000857e+00
4.777029594210052466e+00
4.934111100504706471e+00
4.933694531752644608e+00
4.608689857225051867e+00
4.879919528244966109e+00
4.954537216535393362e+00
4.916842154346221960e+00
4.882425639547196106e+00
4.957522701743566351e+00
4.957694815181065806e+00
4.888915610279283896e+00
4.948278287706179057e+00
-4.951595864454343410e-01
4.922390017652930716e+00
4.905620780791271507e+00
4.925229812774989391e+00
4.860133266903365445e+00
4.914995114759181050e+00
4.928375277076417760e+00
4.930480086297921005e+00
4.933727738125179840e+00
4.913058701953853635e+00
4.932413539018119408e+00
4.918392488574240495e+00
4.905415036497887904e+00
4.892231793033786857e+00
4.936044950627873185e+00
-2.817738441434508578e-01
4.922720613517990174e+00
4.923616885236313578e+00
4.907184326671440999e+00
4.960477940319191426e+00
4.823272496784208663e+00
4.907620620145102919e+00
4.939724371363498179e+00
4.932046890495467295e+00
4.907935993136621100e+00
4.936547548619323322e+00
4.959821780346956643e+00
4.918111399465932010e+00
4.900591430228498524e+00
-7.981191307379770228e-01
4.952052758904495811e+00
4.942890546576179212e+00
4.877924487365696393e+00
-8.036345034697732759e-01
4.917486173346592437e+00
4.940031189979698922e+00
4.950113914921630887e+00
4.880569694766223598e+00
4.951431376441416177e+00
4.962290923081379646e+00
4.949373898279334938e+00
-2.663196527905421496e-01
4.936175437780796926e+00
4.924806655703140024e+00
-5.450913631427221073e-01
4.933180031319770009e+00
4.929243750772504207e+00
-8.233952526581355125e-01
4.943681990125272208e+00
-7.996601776896092861e-01
4.919438827616705368e+00
-8.215755141848649634e-01
7.594111189176782073e-01
4.899148378557689476e+00
4.639442510213199533e+00
4.922666737314132845e+00
4.924371019130725280e+00
4.903421706599207397e+00
4.947413640253593314e+00
4.970306261070772891e+00
-2.309175390189580623e-01
4.914096365144818179e+00
4.961531009884550869e+00
4.928949913757144863e+00
4.948994268322700840e+00
4.917798658206221418e+00
6.860431600453926748e+00
4.942210565423870605e+00
4.896047090950259140e+00
4.905659403756588155e+00
4.850866692383739576e+00
4.929158406423693961e+00
4.847831506260643408e+00
4.942868844280672747e+00
4.943971018748336554e+00
4.912810241300542557e+00
4.926631859897275589e+00
4.955576250035992558e+00
4.955211328398432258e+00
4.955645076756230338e+00
4.954774941431961288e+00
-8.415649252573761396e-01
4.962443857466647401e+00
-3.661337528453044721e-01
4.823092661123890679e+00
-7.798172338235344059e-01
4.922300803041664174e+00
4.946175207099982707e+00
4.900452149409745495e+00
4.952375349687216044e+00
4.916022060238999458e+00
4.946050902831182761e+00
4.938114335903444285e+00
-8.073540172707387441e-01
4.917232965147169566e+00
4.548511762022338090e+00
4.789200586854822639e+00
4.918336083811930770e+00
-8.080413842694945670e-01
4.902107503262203458e+00
4.903441812687600709e+00
4.896168681458986427e+00
4.944213178900723094e+00
4.937772628212774073e+00
4.957635974482881736e+00
4.816790221169302555e+00
4.954520644656611239e+00
4.950177620557130176e+00
4.938586530855124224e+00
4.933628043341099279e+00
4.928415134102793971e+00
4.936973187487767589e+00
4.925809016995182255e+00
4.958318771125387769e+00
-7.976382595546095411e-01
-2.546036483658052907e-01
-5.288554030689905927e-01
4.870083654140424656e+00
4.933104057702967893e+00
4.958772788822189526e+00
4.945900422940726848e+00
4.907767762687942792e+00
4.935379504056600197e+00
4.931589335459132251e+00
4.945150639301045814e+00
4.892532257566608145e+00
-7.852165213849100489e-01
4.929018605771580575e+00
4.818274856637126291e+00
4.946916015842796277e+00
4.945625636747488230e+00
4.950610828017602216e+00
4.941185706469061856e+00
4.954180752036077884e+00
4.939140973951550606e+00
4.900433331612461529e+00
4.937014654141259840e+00
4.886773957591028505e+00
-9.359763994221987904e-01
5.681353496522282498e+00
-8.272286082404664009e-01
-8.443849489219095172e-01
4.857212605762910584e+00
4.940562023380829615e+00
4.899059430318891017e+00
4.942974229392760321e+00
4.897556450529611638e+00
4.921726882332910336e+00
4.908822395081688050e+00
4.843786487230877569e+00
4.897778381394564562e+00
4.910524770897298552e+00
-8.567192559004198626e-01
4.947188927252715196e+00
4.892359018543665172e+00
4.905190675652439047e+00
4.919537530044436835e+00
4.910202991482037760e+00
4.923001474425698021e+00
4.903759295913542537e+00
4.929396273196375411e+00
4.907341156769321699e+00
4.950667141714564679e+00
4.911008379516631273e+00
4.956920036285498377e+00
4.956789857152889667e+00
4.853246619638298398e+00
4.872498405237346120e+00
4.950353701155038699e+00
4.897762317706265911e+00
4.947555651445903813e+00
4.957047175177086373e+00
4.949741171821568919e+00
4.919834647803414285e+00
4.847816132413299783e+00
4.940028218895852419e+00
4.949160487852488188e+00
4.871207635494961607e+00
4.926727936663430896e+00
4.896435434725706415e+00
-4.562616010525248900e-01
4.952784388970206564e+00
4.931787212797378750e+00
-7.808262631953469812e-01
4.933600701195151927e+00
4.936016816462201362e+00
4.927033224502292974e+00
4.939728661040581059e+00
4.895058146894818663e+00
4.926831985958426863e+00
4.915887651581455131e+00
4.890543563902953750e+00
-4.891399938554908955e-01
-5.075680330280402108e-01
4.945152044432943761e+00
4.934684983263096569e+00
4.700372726967634307e+00
4.571059710984345159e+00
4.901238131515697205e+00
4.891007262707601555e+00
4.920487151976415063e+00
4.948921898026018340e+00
4.859894582472129798e+00
4.927051544649247994e+00
4.940935671758225567e+00
5.854730532668932064e+00
4.906004849470198437e+00
4.877950892312540532e+00
4.944055860500125021e+00
4.922861451124401100e+00
4.964509386051991768e+00
4.752335792849835983e+00
4.891948898841152804e+00
4.916015248692875872e+00
4.826299659632470096e+00
4.897394640220925410e+00
-8.291643277200634321e-01
4.907213375279249945e+00
4.941686623767888698e+00
4.881464988081667400e+00
4.901691103691284468e+00
4.914732997918669355e+00
4.904499033746236414e+00
4.898558723492508982e+00
4.914364610652674159e+00
4.922506529378555484e+00
4.933321951875718980e+00
4.948014175365464951e+00
4.923141791636770570e+00
4.858093246497882767e+00
4.883641077691245336e+00
4.805518163619208138e+00
4.925083483088992686e+00
4.935440870175717087e+00
4.911268703897377463e+00
4.935665147401701702e+00
-4.435098943975692709e-01
4.945438645146072787e+00
4.924046529567934982e+00
4.908205640923988256e+00
4.918190161631388335e+00
4.867275346940808767e+00
4.890032586085983013e+00
4.969682504842412030e+00
4.823526960208197600e+00
4.878475916081130848e+00
4.955535426994032377e+00
4.946947159478032319e+00
4.946175008344861901e+00
4.918854977004052387e+00
4.943078559488890633e+00
-5.073526416648819204e-01
4.817265077918831295e+00
4.825531230634588553e+00
4.930034120729047231e+00
4.767707346984394690e+00
4.893287332978824011e+00
4.903827868099138954e+00
4.907854906414989671e+00
4.937813745172298319e+00
4.942899390804616822e+00
4.873776569782718227e+00
4.935588811633682127e+00
4.924078663566594294e+00
4.914217023072318113e+00
-4.511042593789909017e-01
4.928858251521571532e+00
4.884083685432615951e+00
4.894016995866398823e+00
4.936121102371368252e+00
4.946108779055450100e+00
4.901563493969351981e+00
4.901395068909891073e+00
4.929132724769574203e+00
4.914867672541811672e+00
-7.903523082973219482e-01
4.943868738154290732e+00
4.932566622451912686e+00
4.949267249283427539e+00
-2.806453484521486130e-01
4.885331919280931245e+00
4.951674942098514443e+00
4.841698590780397105e+00
4.900761851127763080e+00
4.946385732118925738e+00
4.768989951646167569e+00
4.926693532547465892e+00
4.945419725908659636e+00
4.861972816863529445e+00
4.877958447447843682e+00
4.860452863486733222e+00
4.912736046783422239e+00
4.929903766749049510e+00
4.906731011651320529e+00
4.901270094817254730e+00
4.823023627233432364e+00
4.935979794233166018e+00
4.930160663485515293e+00
4.942669477314037607e+00
4.909681846330824051e+00
4.969167381809342920e+00
4.917502940126625255e+00
4.932958368746240829e+00
4.887675525490526418e+00
4.934182445852298926e+00
4.955642200011370235e+00
4.770300093612072523e+00
4.894772308352798973e+00
-2.739427845026554120e-01
4.834069335006472734e+00
-2.012734270994555041e-01
4.934090081216891299e+00
4.959155992149074876e+00
4.912183452322572030e+00
4.932434906327005208e+00
4.902219560137209164e+00
4.925667541590725840e+00
4.861327421393486503e+00
4.940287748680092683e+00
4.945559904694984965e+00
4.942434208360415582e+00
4.933144212127879236e+00
4.958142142364433624e+00
-2.016571458359533997e-01
4.925256633549707885e+00
4.944104487600187170e+00
4.964055396632676143e+00
4.905334092429699311e+00
4.952088275231592007e+00
4.917211428372548987e+00
-8.342426265192649515e-01
4.943642105363105443e+00
-4.196763294275739353e-01
4.944713958024012257e+00
4.962085307481920893e+00
4.975054793020859734e+00
4.571425426366610978e+00
4.939262946307257707e+00
4.912145623468806122e+00
4.875655810488985331e+00
4.901636722345652508e+00
4.917831787432695556e+00
4.947700415448078815e+00
4.931658165123518955e+00
4.926183735012052090e+00
4.922716052074632032e+00
4.945519981476344640e+00
4.893793344210532581e+00
4.910592966240415969e+00
4.881646060025737199e+00
4.932480754321039385e+00
4.908450497064219320e+00
4.870758300055744172e+00
4.713605876303763154e+00
4.943516843422004925e+00
4.934724557101171527e+00
4.944776428246387745e+00
4.923449866877598780e+00
4.932794744207290805e+00
4.954448133382992836e+00
4.961929741394703441e+00
4.931518432175479916e+00
4.940589828917727466e+00
4.949047229232842682e+00
4.880485677193631133e+00
4.905828453572615544e+00
4.898794894052910465e+00
4.928905943677252210e+00
4.955933059803113494e+00
4.928162478456952655e+00
4.931313575492693779e+00
4.928573683042323239e+00
4.917618613397420901e+00
-7.891790433702321472e-01
4.923503476668575018e+00
4.914607162093163950e+00
4.917395772008501531e+00
4.936024736612647068e+00
4.965744062174762163e+00
4.954320683369229705e+00
4.933540666959438603e+00
4.912321934986739080e+00
4.932902031699980760e+00
4.908198386064005270e+00
4.899725742356272562e+00
4.895895785090206509e+00
4.965792610518581895e+00
4.909279441151509715e+00
4.966894893043720671e+00
-8.348086538386543243e-01
4.928288122358904566e+00
4.952116773923981974e+00
4.966477790090827682e+00
-4.343289737899250769e-01
4.961951530293067236e+00
4.905182547016121219e+00
-5.289804889298099777e-01
4.946880575564337690e+00
4.912215487140599635e+00
4.940133560072778707e+00
4.900374720097772752e+00
4.947972625951218895e+00
-4.565331367363227866e-01
4.944838416427730365e+00
4.967313125119539485e+00
4.946575146280033586e+00
-4.059298008956924164e-01
4.913427316386527188e+00
4.893802506446315093e+00
-8.369476960295179069e-01
4.944980213552859105e+00
4.960925211267007029e+00
4.964515240348741365e+00
4.947259529326775152e+00
4.898263747518872613e+00
4.936701155242392502e+00
4.903230006612702141e+00
4.884264788867228368e+00
4.962904604479237314e+00
4.891239448150513702e+00
4.911441773225815766e+00
4.891646428015484105e+00
4.828784071100345798e+00
4.866226522439205837e+00
4.807936772834195516e+00
4.928695886090512346e+00
4.896383335043478446e+00
4.918025187774574647e+00
4.906337051671707528e+00
4.941617110229373111e+00
4.924592159281837134e+00
4.914765305795370409e+00
4.928346088451391438e+00
4.935692425031513508e+00
4.912564685977557133e+00
-5.280828791823386492e-01
4.956063497300233323e+00
4.962497947106468743e+00
4.922093160923521893e+00
4.957192878722134211e+00
4.934869270566011323e+00
4.887169180466212737e+00
-8.264224939362424527e-01
4.946553557293394299e+00
4.911833103119737309e+00
4.962039070201036850e+00
4.931387283253944709e+00
4.872247032952206069e+00
-7.967643856558248583e-01
4.879793851798257975e+00
4.933789614566588710e+00
4.922293269128875437e+00
4.924221146827135520e+00
4.937356154946511921e+00
4.907449280757941068e+00
4.891828096579908802e+00
4.934637774494213147e+00
4.929034196172626281e+00
4.888858622394804954e+00
4.951336719102219064e+00
4.937374387637094131e+00
4.952937476005025985e+00
4.852814375511950828e+00
4.946101937663765824e+00
4.934216194752866436e+00
4.907956804066605727e+00
4.914079834236281918e+00
4.954909798823166511e+00
4.965725716692574565e+00
4.930190430341641949e+00
4.950164572974102839e+00
4.921740633953159083e+00
4.957339760557585961e+00
4.945438935084502496e+00
4.894209972203419134e+00
4.941740292861247497e+00
4.806257175250959079e+00
4.933938588149761273e+00
4.918532979462315602e+00
4.941890881052082740e+00
4.881758056642029331e+00
4.915417691061165328e+00
4.930169926047479834e+00
4.939120956063666412e+00
-4.902090484548720095e-01
4.957809347895620000e+00
4.916158317716147863e+00
-4.799660630924298399e-01
4.836303937383244822e+00
4.940562519995426172e+00
4.966597345698388288e+00
4.909610911153869495e+00
4.902779668445258920e+00
4.944964910367972699e+00
4.918820380769550304e+00
4.946049679028512003e+00
4.942849962459364477e+00
4.952516562394336574e+00
-8.191489260606231726e-01
4.940516738932872798e+00
4.864301910236481952e+00
4.895822875273890595e+00
4.928094804533486695e+00
4.785964337688125347e+00
4.935123295133214683e+00
4.940878554953545887e+00
4.952969792996650966e+00
4.919967554477210570e+00
4.896527478133860356e+00
-2.323322227204500656e-01
4.963543120184884749e+00
4.971950870399071576e+00
4.928242380446419268e+00
4.943971582758245553e+00
4.908360222151118890e+00
4.922348877490149377e+00
4.896070957617677522e+00
4.945026741882742272e+00
4.923547478284355350e+00
4.941889447648327049e+00
-8.046741407149429204e-01
-1.870885784867803991e-01
4.835715671699352569e+00
4.924387793983634687e+00
-8.014568814607964109e-01
4.907426015863772584e+00
4.907311347997897144e+00
4.891530700710617907e+00
4.854674721251097225e+00
4.917216025897532816e+00
4.961657465261525957e+00
4.941102161945135407e+00
4.958312814945665892e+00
4.950325089250980248e+00
4.929715613096134597e+00
4.898579753993845820e+00
4.914042073014433853e+00
-5.059369762764764911e-01
-6.545667668094560243e-01
-8.558445434821261300e-01
4.944537528812571026e+00
4.894035259084400735e+00
4.906917038592943925e+00
4.937758722816212753e+00
4.936252817809745785e+00
4.933906786553558632e+00
4.951474885804752368e+00
4.939687887837692415e+00
4.959328542096061554e+00
4.968671123894614183e+00
-8.032687542939269676e-01
4.892622882238686799e+00
-8.499616622276796596e-01
4.921619279536294300e+00
4.936642581113416917e+00
4.922585195305224204e+00
4.962255394408039422e+00
4.880127213108053752e+00
4.957281831370567104e+00
-3.247069402309475938e-01
-7.649737233044839879e-01
-8.660941146546876634e-01
4.951910571391940685e+00
4.904221114748278154e+00
4.939837410768968873e+00
4.922341306842952235e+00
4.938051343359286527e+00
4.934114004394726472e+00
4.939579901312260546e+00
4.928472234091406889e+00
4.951392858735479408e+00
4.915187573319664160e+00
4.883487233634284053e+00
4.965878873446982311e+00
4.901554198783734329e+00
4.906861673273459346e+00
4.891792089171442370e+00
-7.220433797849561408e-01
4.788731908930595083e+00
-8.231441499003607776e-01
-2.044284301414466265e-01
4.929994100685236802e+00
4.929015514207046422e+00
4.915981436880104027e+00
4.962485931865259658e+00
4.959676455427171504e+00
4.940904324669000758e+00
4.926756887721992939e+00
4.905145982184647480e+00
-8.563629038220690326e-01
-7.395367526718226170e-01
4.933028086832030645e+00
4.928581902013730698e+00
4.943913542067035038e+00
4.945963436353951082e+00
4.937313077607514700e+00
4.931816044080342465e+00
4.817430329605329575e+00
-5.024657828503151791e-01
4.922785408863192380e+00
4.932210416222045701e+00
4.932511512367536710e+00
4.930388907291559875e+00
4.779721925420730599e+00
4.915069984151259064e+00
4.945725754567311228e+00
4.908020917573177933e+00
4.948173507795498693e+00
-3.714087729149198047e-01
4.927356646895626469e+00
4.918405515911783432e+00
4.916161190970729677e+00
4.946352010947217437e+00
4.932182717206352152e+00
4.944879492218666073e+00
4.907887354922711332e+00
4.890325132932641594e+00
4.935914309058123450e+00
4.902363213628461835e+00
4.942066732509069027e+00
4.895028765808146609e+00
-8.112378147450431953e-01
4.941986758983432537e+00
4.943040208584262629e+00
4.928166071727998698e+00
-3.640218766427578689e-01
4.952830486680804611e+00
4.919375821528991111e+00
4.947160959600143570e+00
4.906295395513739166e+00
-4.760217510428385035e-01
4.920136773266850838e+00
-8.449366997439085036e-01
4.941816917703480527e+00
4.951546371400554314e+00
4.941940452710770870e+00
-4.888800763702129126e-01
4.950431994055406015e+00
4.931154541209191500e+00
-8.506642390950904797e-01
4.881461482273108388e+00
4.903690197954177599e+00
-7.983239038968098500e-01
4.944633816755460209e+00
4.932282197162338733e+00
4.948732666013386350e+00
4.966267258454936773e+00
4.958795183355059422e+00
4.956329170705080500e+00
4.941904439787696113e+00
4.930876359066268755e+00
-7.950663838477677325e-01
4.959762669573543725e+00
4.968205883696558800e+00
4.960141433594396965e+00
-4.791877499794375828e-01
4.915896281190532235e+00
4.932326848815309361e+00
4.966591875282188262e+00
4.936019749487489783e+00
4.913810438205940656e+00
4.911796733508616342e+00
4.907573562676429191e+00
4.947417096803041758e+00
