-9.239946730733024083e-01
-1.606125657368363546e+00
-9.703458445204019567e-01
-2.662406148417661100e+00
-1.946935410176590553e+00
-7.669631458468603169e-01
-2.391990020361034475e+00
-2.159363416994346974e+00
-2.159159610818529806e+00
-1.709597056246012770e+00
-2.062675939555268734e+00
-2.051079784827708696e+00
-2.244132298981590168e+00
-2.079193476594115353e+00
-2.170600298708575071e+00
-1.951218096204207608e+00
-7.692269692128946845e-01
-1.651132308778436641e+00
-1.002809385743036019e+00
-2.120515941706124341e+00
-2.177238835373723536e+00
-2.223990589552017116e+00
-1.809035289671404367e+00
-3.159812844207717575e+00
-1.262253221986720852e+00
-1.812244682353845615e+00
-2.063261303424903215e+00
-1.057749854472998630e+00
-1.370788925630541666e+00
-2.266507491845434430e+00
-1.894056846154166474e+00
-1.528552336411487467e+00
-1.903079820118374510e+00
-1.931594059805809671e+00
-2.046414153975931072e+00
-2.044923247361737584e+00
-2.328482129382093202e+00
-1.650489692192633751e+00
-7.529448918084551412e-01
-1.805866087366960304e+00
-1.863670501663621693e+00
-2.388073033451728833e+00
-1.027781154596059121e+00
-1.959853463619820824e+00
-1.342609906438109402e+00
-1.449320302769663948e+00
-1.516611864059648429e+00
-2.068048951705347527e+00
-1.017364063618349856e+00
-2.378397496263903399e+00
-2.345744920978602099e+00
-2.067418685878993578e+00
-2.341193373828522439e+00
-2.156293439114668420e+00
-2.251817539664187073e+00
-1.881366695268660960e+00
-1.264770804477878707e+00
-2.012684628734263015e+00
-1.735489046573326588e+00
-1.421106787319029729e+00
-3.122955379922077945e+00
-2.183880530221560257e+00
-2.201953775579885253e+00
-2.244706912638851914e+00
-1.473856530123106134e+00
-1.592720253027636756e+00
-2.153253490747965238e+00
-2.011262053692113305e+00
-2.158534601379388906e+00
-1.663858290908969417e+00
-2.548873969365373693e+00
-1.758222829305738699e+00
-2.625300152381051966e+00
-1.649527528925508690e+00
-1.700036654842062234e+00
-2.441180549991634141e+00
-1.481934140581323112e+00
-3.007050185807791376e+00
-1.220381871795375162e+00
-2.319013489518757964e+00
-2.229139215669433405e+00
-2.232782456976003527e+00
-1.955810003074445191e+00
-2.827387266945996736e+00
-2.846447759070509953e+00
-2.182392178664098292e+00
-2.841675606934830789e+00
-1.319208063597958613e+00
-2.933628168774179201e+00
-2.089015869156079397e+00
-1.521734394205901619e+00
-2.072451291065180445e+00
-1.479922147330426929e+00
-2.821987716180446526e+00
-7.611805159401653365e-01
-1.124753568619277555e+00
-2.161408295444624095e+00
-2.084897916216780445e+00
-9.125572186642214589e-01
-2.013149049343599728e+00
-2.071223634121150958e+00
-1.825495298240321418e+00
-2.742506758744593043e+00
-3.169571105363798047e+00
-2.124732363040206629e+00
-1.815233354133935828e+00
-1.866634217482099789e+00
-2.048260476506340577e+00
-2.980201598983188926e+00
-2.585493554500037039e+00
-2.682932647784394220e+00
-1.483570875077714346e+00
-1.759536427230930622e+00
-3.226003847181039941e+00
-1.193222164458711099e+00
-2.941537265547569113e+00
-2.320031796231902810e+00
-3.201902491720962196e+00
-2.748925521526638605e+00
-1.769192394869364637e+00
-1.693851345088567939e+00
-1.825093805376244660e+00
-2.721325261193513256e+00
-2.057801002155438930e+00
-1.701279713165972041e+00
-1.994337475110703695e+00
-2.058502859170432409e+00
-1.864886433567822355e+00
-3.016383311408842083e+00
-2.029284512543918950e+00
-1.912226619734097133e+00
-1.959811510139184421e+00
-1.937310023294019246e+00
-1.933374368809535726e+00
-1.897303837776818991e+00
-2.363728012879948270e+00
-2.695562522798125471e+00
-1.530003208357875621e+00
-1.972588786771939162e+00
-1.182752455233044397e+00
-2.408177583028851654e+00
-2.093692989190327758e+00
-7.809340982387302788e-01
-2.247636519191112736e+00
-2.363561080268913095e+00
-2.969345570848313187e+00
-1.175303651527038529e+00
-2.215846993338298709e+00
-1.810481658438270580e+00
-2.411288181725836921e+00
-1.656818935530450787e+00
-1.076327111080207954e+00
-3.216698188311938988e+00
-1.110098782384757232e+00
-1.707502789394682363e+00
-1.472136782779634334e+00
-2.421786255628736839e+00
-2.176158868813063751e+00
-1.915322290291037621e+00
-2.067228095428702783e+00
-2.467647140397219552e+00
-2.147793698475832347e+00
-1.229045776545418578e+00
-2.233687660494824367e+00
-1.568595201163136554e+00
-2.253899081118210468e+00
-1.829158599298512211e+00
-1.717781671302029745e+00
-1.813759494338171185e+00
-1.973196319723341308e+00
-1.783673182225242293e+00
-2.221960510830723212e+00
-1.420045206763610901e+00
-2.101599284860988348e+00
-2.208444723985595992e+00
-1.848572663095374269e+00
-1.269646165988446596e+00
-1.725011894907746868e+00
-3.082856157748698145e+00
-2.360991045224290374e+00
-1.949910626946578907e+00
-1.685932672353724904e+00
-2.259687660470240278e+00
-2.329874701807657988e+00
-2.922674903072104868e+00
-1.589501600384083169e+00
-1.837595296501099984e+00
-2.060841142187790354e+00
-7.290255713076113642e-01
-2.481832208544914486e+00
-1.971191566985330601e+00
-9.274964015107414195e-01
-8.514740537634540862e-01
-2.063493731883468740e+00
-1.176083287794753129e+00
-1.703999710731960882e+00
-2.093148970544993936e+00
-2.064493011787047916e+00
-1.584373306394559311e+00
-2.636203706625783738e+00
-1.569653364388431172e+00
-2.526051295422640841e+00
-2.027756552344376573e+00
-2.395415300701290384e+00
-1.048322327883029148e+00
-7.590137447207201404e-01
-1.921693351415007633e+00
-1.876322627680612420e+00
-2.283170376592786432e+00
-1.544957012258136642e+00
-1.856234537727774470e+00
-2.212436967488621953e+00
-2.386661665203294369e+00
-1.147681363617096384e+00
-1.757333363865468900e+00
-9.567570760018485609e-01
-2.107490648108958808e+00
-1.868040441333792545e+00
-3.386333544957201180e+00
-1.549042566588972658e+00
-1.437332587117114091e+00
-2.206946284979662831e+00
-1.750576940744084542e+00
-2.141737937291006588e+00
-2.059296796682645425e+00
-2.612794241284737140e+00
-1.478636856017634837e+00
-1.767686913972368101e+00
-2.038488495930307565e+00
-1.508684485154814903e+00
-2.062227017292403097e+00
-8.515065865005830847e-01
-2.334349375881866528e+00
-2.676464271144276985e+00
-1.857482136649676985e+00
-1.728533590783969842e+00
-2.527108402658384101e+00
-2.291057178782353265e+00
-8.568325160155826348e-01
-1.961244072930387716e+00
-1.939570363617305615e+00
-2.009651780724032832e+00
-1.599289332435529509e+00
-1.912539268842637918e+00
-2.120774445544172604e+00
-2.772502740390167197e+00
-3.173861926723455795e+00
-1.450037905542215677e+00
-2.087014257801861561e+00
-1.904321185992333909e+00
-2.519998173381201578e+00
-2.225234336062734464e+00
-1.529802608015051968e+00
-1.978914025540674526e+00
-1.087322790078621981e+00
-3.009749075225380821e+00
-1.795761170674920582e+00
-2.879409637405914157e+00
-1.939274354274589829e+00
-1.606244099841460660e+00
-2.157587249443219779e+00
-1.858859195065569736e+00
-1.672162044081833443e+00
-2.373312894549998830e+00
-7.074224301160698669e-01
-2.235089690305799515e+00
-2.169475940558738269e+00
-1.805852039717872781e+00
-1.874144819318958266e+00
-1.031378838015680754e+00
-2.027272831846667955e+00
-1.736081810287391169e+00
-1.820095496117980494e+00
-2.154492741890942753e+00
-2.613369664686758576e+00
-1.548218053763563029e+00
-3.088291768599400910e+00
-2.931570296772592954e+00
-2.016370186705639611e+00
-2.687904189843982827e+00
-1.775988042493626295e+00
-1.565902232043932862e+00
-5.358604576281802423e-01
-1.570507442081008787e+00
-1.146252972256134983e+00
-1.996329348451223007e+00
-1.206052714342286114e+00
-1.765170763277796873e+00
-1.431225803363421534e+00
-1.035369061489381570e+00
-1.947907176456050715e+00
-9.980011276787009722e-01
-2.559212274761495820e+00
-1.017135811467096751e+00
-1.086116178344611383e+00
-8.928038575840375746e-01
-2.281888832715077253e+00
-1.888719566791896565e+00
-1.905094068412882091e+00
-1.218886456851004496e+00
-3.300317847466286203e+00
-2.266159224988550491e+00
-2.022141684678798512e+00
-2.904073751607048948e+00
-1.035804916520834063e+00
-2.311923525126134749e+00
-2.255737984858290357e+00
-1.573677920989318357e+00
-1.828356600299565482e+00
-2.016418992082722017e+00
-2.655266244615868132e+00
-2.092354749915863010e+00
-1.156311304745581303e+00
-1.282733518728945921e+00
-1.585793560692810189e+00
-1.790191892024702192e+00
-2.039676570818354406e+00
-1.386668094698256803e+00
-1.050702886278702453e+00
-1.660103986846368507e+00
-1.025741219538806259e+00
-2.749856757442928235e+00
-2.027469700682011933e+00
-1.875815717207744981e+00
-1.588274609707896357e+00
-1.089602318541051940e+00
-1.985100594300730492e+00
-1.567701384582975921e+00
-8.426680119148610704e-01
-1.367994322427673826e+00
-2.227064396734811158e+00
-1.323368020528171929e+00
-1.736831454635880956e+00
-1.497433889878038382e+00
-2.916707921768077583e+00
-2.017516374447098748e+00
-2.253801487353943589e+00
-1.730554359045386459e+00
-2.008340239411035455e+00
-9.871766536658747038e-01
-1.440539648567900954e+00
-2.714084493101386553e+00
-1.935584863571872205e+00
-1.821788286726949035e+00
-9.117764742231299069e-01
-1.118226384300175180e+00
-2.318480537109806949e+00
-1.646486690892617011e+00
-2.496889758489014621e+00
-1.799836485735848424e+00
-1.278846765706449506e+00
-1.512735598367254575e+00
-1.640719528381894277e+00
-1.213862366562697526e+00
-1.446518672721100796e+00
-1.095352200131664899e+00
-1.150770986369862747e+00
-1.434819197821685988e+00
-1.260383395578661858e+00
-1.107189913998289033e+00
-1.404070655470335716e+00
-9.907764484149365058e-01
-1.207506772678147655e+00
-1.003257302583235200e+00
-8.963902327427961669e-01
-1.322667073751601308e+00
-1.634798828208658961e+00
-1.988356190436205706e+00
-1.945521950742195472e+00
-1.063889431214816383e+00
-1.610009728691011333e+00
-2.222665584799881522e+00
-1.099579375213762811e+00
-2.069697727042268731e+00
-2.112219427011401862e+00
-1.397121164616978772e+00
-1.451392526255641968e+00
-1.825129207881938775e+00
-1.074082018717683162e+00
-1.681544404539397020e+00
-9.125234643354677155e-01
-1.582998646120012287e+00
-1.425308377285825712e+00
-7.959227724693173078e-01
-1.400701539094771242e+00
-2.650750468855176400e+00
-2.003452466611340910e+00
-1.809201417258598621e+00
-1.130713246242377235e+00
-1.022880176411218756e+00
-1.699405111343832875e+00
-2.011256032077503697e+00
-1.060805547085317491e+00
-1.278801187046200605e+00
-1.187223921118460312e+00
-9.974774528145657904e-01
-1.553056962125455076e+00
-2.049516898635546092e+00
-1.959264331553711713e+00
-1.310960742040582661e+00
-3.033273352132720202e+00
-1.468899446556845456e+00
-1.701350763498565177e+00
-9.823502231045777577e-01
-7.039416799597644214e-01
-1.671843756209027365e+00
-1.059955154600509708e+00
-9.284688697810180580e-01
-1.285300834604966802e+00
-1.075391096089975074e+00
-1.910028990214795552e+00
-1.500289704902504573e+00
-1.130845390149503249e+00
-1.010680684576208188e+00
-1.322347065821128043e+00
-1.486168248347275123e+00
-1.204854945134151922e+00
-1.964232519236566166e+00
-9.756935302662662624e-01
-1.549188546048787085e+00
-2.841907224630105588e+00
-2.662087259123153249e+00
-2.009504171043217546e+00
-1.090792982670686584e+00
-2.189106075449440247e+00
-1.433231431688455348e+00
-1.016110927572981826e+00
-1.497232226315985182e+00
-1.041515594465885375e+00
-1.021966243987608935e+00
-1.470687621838012937e+00
-2.959758382444789060e+00
-2.509088027716287250e+00
-1.299795247609821347e+00
-1.423911002657328950e+00
-1.552225783639743284e+00
-2.029075438931308373e+00
-1.384023196639289299e+00
-1.014697726058295002e+00
-1.830646752440764358e+00
-1.398715500301576098e+00
-2.117662894237803961e+00
-1.228300983003848934e+00
-2.309666820788312869e+00
-1.439111683126074182e+00
-2.158530605707508876e+00
-1.384116246936432315e+00
-9.415163512015718439e-01
-9.412790822654647505e-01
-1.669628999530038183e+00
-2.109367620737998994e+00
-9.500250114518814515e-01
-2.038998460607746921e+00
-1.652902229661096012e+00
-1.282145873179610707e+00
-1.096962180995391778e+00
-9.659236097526081588e-01
-1.849972182087550543e+00
-1.173014628859130326e+00
-1.839732594265482746e+00
-1.433418947217802941e+00
-1.690808838119856716e+00
-1.134903489058384007e+00
-1.279805100068490242e+00
-8.335940588769185089e-01
-1.729939978729454264e+00
-2.512954321353218390e+00
-1.971157359956000832e+00
-1.626258190726698416e+00
-1.117782665701780642e+00
-1.107891416209205504e+00
-1.570930541928959645e+00
-2.475753667386300094e+00
-1.208865568930976631e+00
-1.546392600415742002e+00
-1.134102491291899995e+00
-1.381142703681483619e+00
-1.122027040211593496e+00
-1.137829843401732877e+00
-8.399701034759158302e-01
-1.753504449259636999e+00
-1.865695297617463666e+00
-1.316978196996566597e+00
-1.004629995327771086e+00
-2.089636265815050908e+00
-2.137495962384470261e+00
-9.571959878078667439e-01
-1.333788846345023149e+00
-9.917658807107672114e-01
-1.255031564099416963e+00
-1.173667407420782016e+00
-2.237366230399215450e+00
-9.652980223972423834e-01
-1.167426869267793377e+00
-8.046588752296313096e-01
-1.657813311716065385e+00
-2.050312777755103344e+00
-1.620167612761539200e+00
-2.203698387009875859e+00
-1.244048498848526974e+00
-1.471141929532924886e+00
-2.399444661398528744e+00
-1.776502714419053053e+00
-8.263039356265271529e-01
-8.886274253744330665e-01
-2.663229669830056601e+00
-1.486385339020603213e+00
-1.372524481539201036e+00
-1.218361375354342302e+00
-1.031180559444327960e+00
-1.597761057276632091e+00
-1.395546346461434162e+00
-6.812045078146410360e-01
-1.378179617914628174e+00
-9.355847804916551658e-01
-9.307012576019659811e-01
-1.427023466770196869e+00
-1.355162802169907144e+00
-1.017787639016098256e+00
-8.625094024678409133e-01
-1.370864899246214463e+00
-1.011080542060688536e+00
-1.741613446832604106e+00
-1.480564850767345231e+00
-1.171025350433665180e+00
-7.573329974333904424e-01
-1.292575376894455008e+00
-2.010385290270436442e+00
-1.483401183498528120e+00
-2.348330259907570827e+00
-1.167129108873975474e+00
-2.342855818953621050e+00
-1.005878328023942947e+00
-1.037867929114491883e+00
-1.328471813948656877e+00
-9.546784628586202359e-01
-1.911045265867751475e+00
-1.077301523636228220e+00
-1.039972073367599226e+00
-1.174556586512787382e+00
-2.135089824529873059e+00
-1.391517218664596545e+00
-1.237804674529415117e+00
-1.101242460389699529e+00
-9.633921597841997864e-01
-1.003005967738155091e+00
-1.706258680605204692e+00
-2.455650123054764933e+00
-1.168975934423398977e+00
-1.819964844587217412e+00
-1.716204320187904919e+00
-2.249112550195152771e+00
-9.871610183204841960e-01
-1.177302436456843848e+00
-1.395996479741820950e+00
-1.328341045031029566e+00
-1.991706038838255921e+00
-1.034167508766175692e+00
-1.170349365612882497e+00
-1.080927904529588535e+00
-9.710222682202851452e-01
-3.317820087356588399e+00
-1.457901528857571183e+00
-1.714636694295990749e+00
-9.357582020602221995e-01
-1.841124279778096007e+00
-9.980761295936121380e-01
-2.706337752738300573e+00
-1.485017834560312666e+00
-1.004611171813558190e+00
-1.781603872638631181e+00
-1.104701509583165819e+00
-1.588412003643697723e+00
-1.155813456871168432e+00
-1.061526536994700676e+00
-1.297921125667786724e+00
-1.007342630645188475e+00
-1.352815012669951189e+00
-1.898961718710758806e+00
-1.278442943134511900e+00
-1.360394685697491557e+00
-1.691123616803056340e+00
-2.478556419916885911e+00
-3.097902480679219916e+00
-1.407780624680888160e+00
-1.437883762547599975e+00
-1.469121207264082019e+00
-2.178543304738038699e+00
-1.539103601153299916e+00
-2.090195739132437502e+00
-1.159965979871123043e+00
-1.569404907675886918e+00
-1.114271030950920949e+00
-1.321886480207941972e+00
-2.123497907059295642e+00
-8.294176438170700605e-01
-1.480142451068390486e+00
-2.384832180411686320e+00
-1.847270537393560730e+00
-1.617607262784543698e+00
-1.376514205942282132e+00
-2.576349271349656966e+00
-1.805690576459380026e+00
-1.084039408888888500e+00
-1.079875494469112462e+00
-1.936244127688925509e+00
-1.090761776575319697e+00
-1.518364013303203919e+00
-1.888213394108515741e+00
-1.836702089577648689e+00
-1.613448472209857432e+00
-1.168586074985419110e+00
-2.163343894245354448e+00
4.255226257480284602e+00
-9.259975672365554633e-01
-9.565541399472181627e-01
-1.530025382242181653e+00
-2.599674237870141624e+00
-1.222386185427648542e+00
-1.036085342385539398e+00
-2.221729974057796930e+00
-9.974457393982215647e-01
-1.443741939863048440e+00
-1.777380916270995259e+00
-2.433118899359763887e+00
-1.058518516742305460e+00
-8.677914211180354220e-01
-3.277380722268545377e+00
-9.801718408316898445e-01
-1.412306439098177213e+00
-1.446919263812443956e+00
-3.221513852920736554e+00
-2.614176380601857197e+00
-1.444414652195439963e+00
-2.678813713625527893e+00
-1.516346008692678549e+00
-1.032434997332951632e+00
-1.390127372302499609e+00
-2.175095998212341897e+00
-2.174638989799398736e+00
-1.480795007790818518e+00
-2.295034529738495976e+00
-1.359907515115400090e+00
-1.890842642089324954e+00
-2.608262659939691641e+00
-1.016870452118260770e+00
-1.195427136116250955e+00
-1.953955738529912001e+00
-1.515331766995483997e+00
-1.016460390458001850e+00
-8.878454443364521831e-01
-2.137934907451752409e+00
-8.895518099307543336e-01
-1.052184871238331487e+00
-1.303498442671872093e+00
-1.748828954856825657e+00
-9.003059487566353880e-01
-2.508891118438393519e+00
-2.901268979211001131e+00
-1.788610835048936698e+00
-1.283694448535689370e+00
-1.690756689384909528e+00
-9.362945193388496623e-01
-1.187677953771741679e+00
-2.532330647418024494e+00
-1.746643609480264203e+00
-9.452827941164781977e-01
-1.334253517622127960e+00
-1.099582763562526821e+00
-9.936226540392883999e-01
-1.086715274793893515e+00
-2.069449292702152832e+00
-1.091485824082131462e+00
-2.059968066763353534e+00
-2.524228687585944542e+00
-1.831319246910920517e+00
-1.833982861802556208e+00
-1.311831548624613930e+00
-1.949407421859795431e+00
-1.797607168809234324e+00
-3.061439019727123956e+00
-1.988936777659397137e+00
-1.025998700959846355e+00
-1.585710305230176420e+00
-2.766786621361723153e+00
-2.280675801656741442e+00
-1.664472889869655914e+00
-1.005614644619215126e+00
-8.324197491881084598e-01
-1.051875312564165554e+00
-1.003276156196091673e+00
-1.036394936745265838e+00
-1.118704726572905983e+00
-9.766117017346908069e-01
-1.939361314382647139e+00
-9.680898363570576981e-01
-1.628939458697458154e+00
-1.890564182951956829e+00
-1.401451330763242575e+00
-1.766239212783379253e+00
-1.399022956381036575e+00
-9.427308027845443528e-01
-1.278477099618012813e+00
-2.260835643617344459e+00
-1.362214009030505490e+00
-8.864671602798870342e-01
-2.767582621313366076e+00
-1.212994664701456671e+00
-2.909084334060554333e+00
-2.063234375845754087e+00
-1.434886255264003596e+00
-2.900717910208898687e+00
-1.883868493112299092e+00
-2.636659647429917541e+00
-2.226011102740039327e+00
-1.279669544837434003e+00
-1.135721757010299759e+00
-2.144423505878531699e+00
-1.309372970092636868e+00
-1.212111090571749150e+00
-1.468143679443888683e+00
-1.102983701361956115e+00
-1.620254137493651658e+00
-1.464762807290497681e+00
-2.035492780389574374e+00
-1.458427095925403538e+00
-1.938770535692678321e+00
-2.701621664397778844e+00
-2.678100511768846559e+00
-2.537637376917654564e+00
-1.727620985583427693e+00
-2.103058937456825817e+00
-1.004778712038674637e+00
-1.027312385237102665e+00
-1.417837546086952560e+00
-1.223961641035051784e+00
-2.137553938709971568e+00
-1.501112025044572196e+00
-1.907940903901249374e+00
-9.946708705433161546e-01
-9.992693073588393426e-01
-1.250409192314230422e+00
-1.895593956503669464e+00
-1.048951812499050673e+00
-1.501991078239695465e+00
-1.334244710061990746e+00
-1.000018889054244076e+00
-1.484466661771345342e+00
-1.041909415838017550e+00
-3.029557795732910286e+00
-1.527103176047996724e+00
-1.984366299856423765e+00
-2.879656690584961432e+00
-1.286430327125086981e+00
-1.910933680673014612e+00
-1.373688469616636265e+00
-1.714820067849515350e+00
-2.465312435160771365e+00
-1.332925855775371815e+00
-1.087342327064222181e+00
-1.004116900606016438e+00
-2.647366388598444864e+00
-1.108636373282227749e+00
-2.564844331207461359e+00
-1.200638925553380698e+00
-1.189305384742580074e+00
-1.368174646543217854e+00
-1.453093205976820901e+00
-1.917276671413584488e+00
-1.369467351191263838e+00
-1.715243592603892031e+00
-1.845571863105068378e+00
-1.213647250581106452e+00
-1.045652054137834464e+00
-1.115594426235642089e+00
-9.190199306447972560e-01
-1.101346297718975853e+00
-1.243287818476677131e+00
-1.660863438585911789e+00
-2.805439286223820439e+00
-1.740010560387346139e+00
-2.580099349642281936e+00
-1.809612036269709012e+00
-1.485205663384735031e+00
-8.450974734853133885e-01
-2.968831310216166308e+00
-2.173245315076271389e+00
-1.350489070043744633e+00
-2.543177594202994385e+00
-9.971047090527573875e-01
-2.362420678998572221e+00
-1.070070231026040819e+00
-1.616775993307619563e+00
-1.331461769228406311e+00
-1.993458851062543946e+00
-1.253330292832177006e+00
-1.478708172008319943e+00
-1.814443258165437722e+00
-1.289242597898919485e+00
-8.340117724801223709e-01
-1.971111997061647747e+00
-1.075597846929003509e+00
-1.692547739029922393e+00
-1.341158140740109195e+00
-1.444833320295765722e+00
-2.830651042694462216e+00
-9.748694820118046778e-01
-1.369660018504833543e+00
-1.889310821718810596e+00
-2.554305252100353751e+00
-1.025362367885104931e+00
-1.009228638396608035e+00
-7.589631200506294917e-01
-1.007807287800034590e+00
-2.346284111755214230e+00
-9.227725184396265989e-01
-2.349090062132014989e+00
-2.540427413158674153e+00
-2.289555593268800315e+00
-2.202181390820006079e+00
-1.953620808383739860e+00
-1.009321044221295871e+00
-1.714056527865443602e+00
-1.006561916305858340e+00
-1.621843329190748140e+00
-2.768240490081662397e+00
-1.000342589350656786e+00
-1.012510982655398406e+00
-1.031333262660456995e+00
-1.882665687633009011e+00
-2.110804048239299568e+00
-1.370641639317017546e+00
-1.235329700696240263e+00
-2.191564315730816226e+00
-1.910448342323069815e+00
-2.090702823303397739e+00
-2.508856794630052178e+00
-2.216325603394257548e+00
-1.767742063489385673e+00
-1.919842519476850029e+00
-1.270597321858559337e+00
-1.022337163337512234e+00
-2.240576979357022935e+00
-1.976842611182879850e+00
-1.430664977154707751e+00
-2.049356585400394337e+00
-1.841373386447793026e+00
-1.644777809500909349e+00
-9.939626176197743357e-01
-1.516195489784896377e+00
-1.062133178497169705e+00
-1.955240554875319781e+00
-1.619541628524652888e+00
-1.344273828582277286e+00
-2.040743773199948041e+00
-1.429636202279001456e+00
-1.730174974405372934e+00
-2.896308963868338360e+00
-1.053525677871604893e+00
-2.677521003560253021e+00
-1.394643276789687025e+00
-9.388231674068524546e-01
-1.804626176650976577e+00
-1.379454964966603914e+00
-1.790991020046962312e+00
-9.820708662643158338e-01
-1.024491618870260856e+00
-1.633082222909314485e+00
-1.921689632833194938e+00
-1.178119591627926122e+00
-2.040483689961029690e+00
-2.047913914754840192e+00
-7.329351409851301291e-01
-2.185906383730092717e+00
-1.578979868934242470e+00
-2.241512021980032188e+00
-1.179967125356720326e+00
-1.017577542605357710e+00
-1.968045176369193960e+00
-1.349543432475159399e+00
-7.260140506216106182e-01
-1.230772154077472536e+00
-1.755596977862521113e+00
-2.557626559302229374e+00
-1.045255041266831775e+00
-1.726405957904055821e+00
-1.283172448360066387e+00
-1.296826791684941416e+00
-1.376532332355825172e+00
-9.153985196214354803e-01
-1.255579220024552356e+00
-7.709989714106000314e-01
-1.206348742789077777e+00
-2.383966406403706273e+00
-1.171922078716099769e+00
-1.609867853998334875e+00
-1.464594598578554230e+00
-1.030376274064658038e+00
-9.875670021565902124e-01
-1.353427572715894867e+00
-1.005445099881794535e+00
-1.253475231862844597e+00
-1.183763477197260050e+00
-3.025481899745799286e+00
-1.681507000904660210e+00
-8.740269081008306129e-01
-9.193541710096960751e-01
-9.937960796800148211e-01
-1.743523629845588063e+00
-1.878396326868348787e+00
-1.203377640274958305e+00
-1.222497979639169730e+00
-1.219138306646376124e+00
-1.563435555587919357e+00
-1.746942741731694060e+00
-2.478487564638113483e+00
-9.355124014541041921e-01
-2.287158844290327675e+00
-2.112866237689175364e+00
-1.865309724796248236e+00
-1.495709710136640114e+00
-2.697815710591622285e+00
-1.738374647572872300e+00
-1.399265479811163004e+00
-1.450122451683982350e+00
-1.107914826989323975e+00
-1.017808768935994257e+00
-1.765346779402816368e+00
-1.539332776378406376e+00
-2.226046512192574767e+00
-1.079000968235894753e+00
-2.161079799653211175e+00
-2.698905092368372838e+00
-8.733307538932226777e-01
-1.151770257285742893e+00
-2.554140865271903316e+00
-1.247078346385421366e+00
-9.122695222722992936e-01
-9.878604271046135255e-01
-2.726591077737976487e+00
-9.620042958718291182e-01
-1.194738836346308730e+00
-1.059477790388096752e+00
-1.403681148674833068e+00
-9.645156016022315981e-01
-1.386651031560743430e+00
-1.101084677048862925e+00
-1.405163901208021704e+00
-3.207487244121971059e+00
-1.364354000825492186e+00
-2.692591051322398954e+00
-1.549003509775153109e+00
-1.303213261560166814e+00
-1.967131756536974141e+00
-2.753396929001326932e+00
-1.230861737328682537e+00
-1.500525543247873905e+00
-7.503238074521143552e-01
-1.031372546925906963e+00
-1.840262395187269417e+00
-2.107368161601723244e+00
-1.012079429805677444e+00
-2.776698901798392072e+00
-1.820243964843620166e+00
-9.260972735546655343e-01
-1.000000000000000000e+00
-9.880754451301035912e-01
-2.069482531498075595e+00
-1.484727202592312834e+00
-8.754045959042051628e-01
-2.579564953557857976e+00
-2.266027479579234338e+00
-1.445694266264703876e+00
-1.024426127361679262e+00
-1.520845111265247684e+00
-2.248640311823416837e+00
-1.656597564622260377e+00
-1.127846750470495873e+00
-1.204663373946798899e+00
-1.737372727955357909e+00
-1.474869669174855957e+00
-1.209169732440072087e+00
-1.384839707204599479e+00
-1.619357697542341157e+00
-1.028912252516732018e+00
-1.358335297380487638e+00
-9.457486201031963802e-01
-1.890904610438557398e+00
-1.494074363036600239e+00
-1.136890266636088498e+00
-1.606292233408429526e+00
-1.622990377379639249e+00
-7.956407510723414456e-01
-1.250498333551662622e+00
-1.581148941284978182e+00
-1.012831670508315796e+00
-9.367493567103725161e-01
-7.713758631500380325e-01
-1.378700208621485679e+00
-9.215473480316761501e-01
-1.252552324228677350e+00
-2.015338366827405192e+00
-2.608753765582438433e+00
-1.728726439088248856e+00
-2.068019233312299754e+00
-2.525363765585639797e+00
-1.829467860976932814e+00
-1.331839861608399067e+00
-1.175733368814257496e+00
-2.323206707929339032e+00
