4.862992929254112084e+00
4.897172412222744242e+00
4.870340422960774518e+00
4.899967839237955758e+00
4.923322073909403684e+00
-8.367150648701657811e-01
-1.303346533453511480e+00
-1.305896975763031653e+00
-1.503924819312905115e+00
-1.972654654939527630e+00
-1.415413507765904244e+00
-1.495488421743207175e+00
-1.443472425710502938e+00
-1.528352572147591903e+00
-2.004362731732588276e+00
-1.378614883414404968e+00
-1.528218532700807764e+00
-1.530179791190343419e+00
-1.125669466199049173e+00
-1.379090896009540268e+00
-1.088763259010951501e+00
-1.308559947908275678e+00
-1.650511006173131179e+00
-1.297896759007577394e+00
-3.015706732276678625e+00
-1.269949828449633777e+00
-9.771521715849342815e-01
-1.309914005321870967e+00
-1.316037937892688081e+00
-1.293144395246333733e+00
-1.204791376802508696e+00
-1.837273285452452498e+00
-1.286545167384212096e+00
-1.407839739857568162e+00
-1.984425155114397210e+00
-1.743437347718353791e+00
-1.617010083400557630e+00
-1.435275752295812168e+00
-1.550062393832394747e+00
-1.485150968262892723e+00
-1.561783053026817747e+00
-1.305920529502651917e+00
-1.671889437210626994e+00
-1.598284217665628448e+00
-1.588048892804067247e+00
-1.290973334694637487e+00
-9.365466914620186323e-01
-1.286110944661522648e+00
-1.489020424066121784e+00
-1.453153003090503104e+00
-1.410015459026542795e+00
-1.452948893593777768e+00
-1.264237639130515678e+00
-1.405925428791565013e+00
-1.300167508619547885e+00
-1.221846838757438602e+00
-1.361910435797095920e+00
-1.281437788479039996e+00
-1.296461225694159669e+00
-1.324473457856619296e+00
-1.402826446219731293e+00
-1.660581524032370915e+00
-1.293627458391366059e+00
-1.308152133356227820e+00
-1.290385066691302374e+00
-1.709953079148352373e+00
-1.307686649099744747e+00
-1.337118478081869011e+00
-1.374302098904809366e+00
-1.639235863860037501e+00
-1.339169543976049148e+00
-1.325622537613813989e+00
-1.895718196682927514e+00
-1.353771023338226964e+00
-8.587633645703903751e-01
-1.344582484896718499e+00
-1.290710790696955046e+00
-1.300517102667661629e+00
-2.090818648550633263e+00
-1.596351383422568881e+00
-1.308779764823278402e+00
-1.631281330752102354e+00
-1.153907458723913759e+00
-1.283049789911516303e+00
-1.326934445391346973e+00
-1.502210898341929557e+00
-1.920028161771922370e+00
-9.919064169789985064e-01
-2.151396271696306428e+00
-1.333834046157720055e+00
-1.353636809646276973e+00
-1.631392032975978790e+00
-1.172075847878658594e+00
-1.136030108900747182e+00
-1.092412165677465907e+00
-1.847162913746646096e+00
-9.382921960659179605e-01
-1.121976661822109866e+00
-1.400146608203749476e+00
-1.714381418012510538e+00
-1.437547424190610990e+00
-1.288078172270681554e+00
-1.585370268292577212e+00
-1.286293355638501668e+00
-1.407765471331936302e+00
-1.739584352678220647e+00
-1.293180066965800457e+00
-1.302063493766937974e+00
-1.287421500576277689e+00
-1.164504316883528734e+00
-1.494709815164257716e+00
-1.345379983163964788e+00
-1.136245482232335569e+00
-1.047402549605051192e+00
-1.520880149581327778e+00
-1.506893715124932420e+00
-1.510467600323188497e+00
-1.353015258565164247e+00
-1.598439777647818971e+00
-1.313632326555943974e+00
-1.281898056883892245e+00
-1.359927887267010860e+00
-1.629667430816150731e+00
-1.629236541624790924e+00
-1.544403587415370316e+00
-1.768117628968985500e+00
-1.470341578194320098e+00
-1.278817389835878560e+00
-1.293889802306995573e+00
-1.281751706936935076e+00
-1.838560559402381056e+00
-8.240001049464484861e-01
-1.083705755259390946e+00
-9.390090536240255359e-01
-5.124538092187151950e-01
-7.635656686843634855e-01
-6.722806384481306852e-01
-7.627643851479721793e-01
-7.733384132112079978e-01
-6.819791351417083813e-01
-6.453271360775001408e-01
-7.105215634731524288e-01
-6.967627410939346566e-01
-5.751327829722452378e-01
-5.009453717052845256e-01
-4.407964222161462331e-01
-7.636106251665694122e-01
-5.202178594076839468e-01
-2.045910043728715877e-01
-4.983745804317458727e-01
-5.261911701259848195e-01
-5.180038357682581474e-01
-5.182726225825311506e-01
-5.438522504195242302e-01
-3.299703314940107823e-01
-5.147103542166325818e-01
-2.475725877001176967e-01
-2.921918357267320188e-01
-2.119363918206866870e-01
-5.270206633420499998e-01
-1.896180983550020960e-01
-2.453599884314607849e-01
-5.395665273702989762e-01
-5.504637918664198049e-01
-5.490870462726422652e-01
-5.700761584692120021e-01
-2.736684278885701538e-01
-5.631546579158416277e-01
-5.209235399324552152e-01
-5.081643445614349996e-01
4.860278612423410749e+00
-5.408032794879775729e-01
-5.304368511175512335e-01
-5.109252264966759327e-01
-5.230855379711787378e-01
4.831927009759704461e+00
4.859201917156070749e+00
-5.130848054337479036e-01
-4.347193320170291697e-01
-5.272471042967642463e-01
-5.330134141359991196e-01
-5.913236832988538749e-01
-5.366107194569172956e-01
-5.259855850473120764e-01
-5.072594714162149687e-01
-5.381029316814862629e-01
-5.622530418262206009e-01
-8.811986241847775680e-01
-5.546288275441970672e-01
4.872941371373200603e+00
-4.995308123348085605e-01
-5.129172408025659546e-01
-5.342741963363084601e-01
-5.762268714974214667e-01
-4.961436973572811437e-01
-5.184438662432107048e-01
-5.533240440846398656e-01
-5.554132009071618414e-01
4.861328137358673196e+00
-5.332585108172052113e-01
-4.954349795627001063e-01
-5.576344012207772316e-01
-6.150311040653193562e-01
-5.648231870642101971e-01
-5.408811381303763044e-01
-5.874720696402235820e-01
-4.773863465029301034e-01
-5.318333608895680076e-01
-6.445669875777519930e-01
-5.495584999729000719e-01
-7.267920376571255225e-01
-5.733832537434012666e-01
-4.636583969186481857e-01
-9.084391125592385929e-01
4.827657113506342412e+00
4.874354060057985549e+00
6.754695701195526425e+00
-5.272084077081862219e-01
-5.844662349931639689e-01
-5.261242272898312144e-01
-5.349290779137110263e-01
4.850337193597887619e+00
-4.705866027889487047e-01
-1.749403610366518924e-01
-4.172944508958763565e-01
-4.634012593327472285e-01
-3.008337755677096270e-01
-4.833013779960600997e-01
4.851114030296054480e+00
4.798085839194753177e+00
-2.729704160759939269e-01
4.773431623870317608e+00
4.844961487157374513e+00
4.937133858743755432e+00
4.860678697900557843e+00
4.889127180921322591e+00
4.853589482672091115e+00
4.757611351326455740e+00
4.793347734815805339e+00
4.914462997167245106e+00
4.767463315026093440e+00
4.817164331645401809e+00
4.791696943787293606e+00
4.924168256601809013e+00
4.840874796798239288e+00
4.406305692127970630e+00
4.863144103718431310e+00
4.848051198176730026e+00
4.829925405094371627e+00
-5.107518359413403264e-01
4.910851805065068909e+00
-1.002039883699228140e+00
4.810635532127735203e+00
-5.858386223521742098e-01
4.843769827661057903e+00
4.883329268930951983e+00
4.849899094747862627e+00
-1.198987237645892101e+00
4.807348867624329003e+00
-5.455224221220770220e-01
-7.438997622617213867e-01
4.793012826446874541e+00
4.694206701431294704e+00
4.924451195832467931e+00
4.707326544161015924e+00
-4.227494189607119424e-01
4.460108744176925377e+00
4.719576386856589423e+00
4.830242578386380714e+00
4.530043609598191523e+00
4.664955950394753081e+00
-6.174462069892174831e-01
4.528383230982258922e+00
4.715358862561018327e+00
4.684856394856327100e+00
4.772838405261310868e+00
4.634015514070533470e+00
4.609969846537229188e+00
4.890254902733321529e+00
4.582294004964886369e+00
4.630300841927573074e+00
4.344518197991634523e+00
4.723853314191138963e+00
4.713312779555333343e+00
4.680205132666856116e+00
4.627496815469951841e+00
4.585413743561662869e+00
4.683777905287889176e+00
4.609537523666121572e+00
-5.670484939202862229e-01
-5.672114951120035276e-01
5.812714627857112681e+00
4.733112564538505040e+00
4.840432409881002762e+00
4.408447314607343515e+00
4.608081545629110209e+00
4.786081344420091810e+00
4.849170745957713358e+00
4.702746528260859371e+00
4.427704468797744042e+00
4.887189341798617193e+00
-4.696310089123626463e-01
4.872524842884613960e+00
4.849804728235236340e+00
4.642215152360306796e+00
4.867062702460674295e+00
4.597718324168788229e+00
-3.441256721000129915e-01
4.662577230846491894e+00
4.921445364062615901e+00
4.721524536715861586e+00
4.794694702636579819e+00
4.826782761642440356e+00
4.573344357856191422e+00
4.920237162561368116e+00
4.772885593974798724e+00
4.835785251480944957e+00
4.763933955299298084e+00
4.378749428377727071e+00
4.812377719417008315e+00
4.888136989274682875e+00
4.844503492656830446e+00
4.654451489493603766e+00
4.865307483455066695e+00
4.602022352345564116e+00
4.447962854812360867e+00
4.659809001294637376e+00
4.767503702362869689e+00
4.726382018390306250e+00
4.738039578158451448e+00
4.799637195387695954e+00
4.760177359410795894e+00
4.920654680762911681e+00
4.838655470791968227e+00
4.799983784092384909e+00
4.685761099289956100e+00
4.670905142929667520e+00
-5.233295007272386057e-01
4.766484290740010898e+00
4.852199069889068461e+00
4.740025868466575254e+00
4.655611103571573040e+00
4.800222520713057328e+00
5.541228085490097044e+00
4.804637015316984616e+00
4.886783818674409474e+00
4.619849921228961875e+00
4.824728533122783602e+00
4.800826866307377649e+00
4.833965055607448491e+00
4.787844537426158453e+00
4.111047841809353898e+00
4.698860359749231996e+00
4.572986528920054639e+00
-5.927128788159851114e-01
4.793205651959405067e+00
4.836927083925498749e+00
4.890679810937958116e+00
4.837257711850424968e+00
-6.357217281506559736e-01
4.758290402967197963e+00
4.787664320145292862e+00
4.723502679539593352e+00
4.826327585626147609e+00
-8.350398448045077693e-01
4.460185025126524927e+00
4.603265925350997989e+00
-7.048429914052360967e-01
-8.646018141172303606e-01
4.892479517711722181e+00
-3.748096060828618459e-01
-7.910998447035959558e-01
-6.106407533431997825e-01
-5.344766443639517028e-01
-6.411572054904898232e-01
-5.401471150768165641e-01
4.779767271545139806e+00
4.861600685468880023e+00
4.802167595322734073e+00
4.886702523560185085e+00
4.674488940423429995e+00
4.831081248141417817e+00
4.807199915862971018e+00
4.888661329974514302e+00
4.728024887536346199e+00
4.759430228689751630e+00
4.901656608721271624e+00
-5.078108778683081415e-01
-5.053054316320872985e-01
-5.490732538259486262e-01
4.690264942819882599e+00
4.682995645863484491e+00
-8.127810173281128092e-01
4.826555762387512161e+00
4.855584308590366938e+00
4.836438100209909052e+00
4.801825422677623578e+00
4.668039043548055211e+00
4.491336822665518369e+00
4.712970180397772602e+00
4.680010210503330548e+00
-5.478880705938169449e-01
4.795333893206114695e+00
-6.145791670102292992e-01
-5.907779255064418145e-01
-6.901950243618213410e-01
-8.383566063702200255e-01
4.823538620810630562e+00
4.759894740302601512e+00
4.647725672254958695e+00
4.695865554959434363e+00
4.569140274518531442e+00
4.845234931716921878e+00
4.687531734250925730e+00
4.812130251199256747e+00
4.474631956808561739e+00
4.724049944023741787e+00
4.789986047791205515e+00
4.432057740083559239e+00
4.644563520606768137e+00
4.314521235751628048e+00
4.828339795652701660e+00
4.523093375964277740e+00
4.636789621033399200e+00
4.032208010032063861e+00
-6.628421052839602590e-01
4.524392394052805244e+00
4.668427379014127965e+00
-9.383679464746507159e-01
-9.865360456737733985e-01
4.488648261686642549e+00
-1.277968815043285744e+00
4.775056527177065746e+00
4.471308045795407082e+00
4.602613966356479125e+00
-9.100324516432870547e-01
4.739119510611249808e+00
-7.114656243984760486e-01
-1.081995737690506498e+00
-1.132243999288331970e+00
4.490514645619985146e+00
4.736699854324135650e+00
4.535745988453086852e+00
4.685164870881412646e+00
-1.089680298890204124e+00
4.746492340279456101e+00
4.602633572903968684e+00
-1.068398878595064661e+00
4.608552310318341227e+00
-9.729553236642489722e-01
-7.276135583964190578e-01
-5.574138359975258084e-01
-1.017704572515407468e+00
4.750396621153574195e+00
-1.191829329382886771e+00
-8.209773403817016701e-01
-8.407750711985305658e-01
-6.671410460314352031e-01
4.650808318252702911e+00
4.610019766292165144e+00
4.588938476468124250e+00
-6.459916532401269729e-01
4.470435189007933019e+00
4.802360391767849457e+00
-7.336083424768362615e-01
3.775762360137755458e+00
4.551102739338055869e+00
-1.095847202665188425e+00
4.574738585924111867e+00
-9.344204510752212034e-01
4.307654250731020262e+00
4.017168445036583435e+00
-7.304903325041696149e-01
-9.184577166677034832e-01
-9.067276427979965581e-01
4.505297312280049482e+00
-8.792172814098486722e-01
4.597854987783128067e+00
-1.078270385002122911e+00
-1.095929831893434736e+00
4.703571705174166340e+00
-1.072637303887031601e+00
-9.917702877756835456e-01
4.423006654736981957e+00
-8.515349518179655686e-01
4.830998166814148398e+00
-1.068171366637568509e+00
4.457122619129795460e+00
4.770576155820783981e+00
-8.611658868908356190e-01
4.629875257126667698e+00
4.789341112852900650e+00
-1.333345342682004553e+00
-9.962929255974988241e-01
-1.097595951666161529e+00
-8.489156917702259664e-01
4.883034203142896601e+00
4.462111905310054638e+00
-9.237932117140039701e-01
4.815867726453168629e+00
-1.000240151351108331e+00
4.709165241383358236e+00
-9.152513190192759218e-01
-1.172359320683815653e+00
4.860975536820729914e+00
4.637203708259731272e+00
4.713644275782042037e+00
4.698335343771375960e+00
4.655999392910077361e+00
4.663215530790238539e+00
-9.459283012190417006e-01
4.716741326684132929e+00
4.631752453566944538e+00
4.700938404509960478e+00
4.410690590109391351e+00
4.795513540002442454e+00
4.720604471767648747e+00
4.622130226269111297e+00
4.881474813571365701e+00
4.600659395370412241e+00
-1.227960280409269300e+00
-9.059498868481898892e-01
-1.088760143514934331e+00
-9.737097187848645641e-01
4.824204262897858086e+00
-1.311822346698376496e+00
-9.164809416057977387e-01
4.642553435935771411e+00
-1.197643900860120514e+00
4.896049437357912204e+00
5.533532726351630515e+00
-1.045680990334859395e+00
4.734125338338926348e+00
-9.952937059122927144e-01
-1.233669017848004978e+00
4.718909098153707404e+00
4.671757632546395200e+00
-9.011109425782408699e-01
4.473514222683248498e+00
4.450980252646441926e+00
4.760090698205939219e+00
4.600630969354617683e+00
-9.453622345808317950e-01
-9.530571444296944694e-01
4.614308695459300225e+00
4.812815696548343958e+00
-1.159917029248210607e+00
4.814983099709552405e+00
4.825170471607266087e+00
4.645084409060164177e+00
-1.566457611877204004e+00
4.898747021470054364e+00
4.713337339152483096e+00
4.874232684249704128e+00
4.849677528837217366e+00
4.655267912255315110e+00
4.641651240783302157e+00
4.497706335416649104e+00
4.861819417289281020e+00
4.660352537460660471e+00
-1.048142574938324190e+00
-1.435805061770600854e+00
4.599859339618268983e+00
4.895312286764094800e+00
4.802810141326800064e+00
4.353949251787954111e+00
4.826148955333258606e+00
-9.882335320509011423e-01
4.757584461108113061e+00
4.904793369006346104e+00
-1.096546643770067275e+00
4.843797102025391155e+00
4.875031044086513887e+00
4.659884379690971912e+00
-7.893829010230098975e-01
4.736357245962884654e+00
4.749833152248701396e+00
5.505538442835788970e+00
-5.839038954221220656e-01
4.846926102045554963e+00
4.856065822053437842e+00
4.810338963377814636e+00
4.822660703497143153e+00
5.792074017343654901e+00
-8.492377828420382135e-01
4.891672004442565225e+00
-9.412043525829680846e-01
-8.044509246621149856e-01
4.911196037250414648e+00
4.929391430861703505e+00
4.897315710201068484e+00
-5.383503928775864589e-01
4.920991606531627482e+00
4.845828754817157247e+00
4.891165450492526823e+00
4.924440552150608497e+00
4.899505794937168091e+00
4.841620894817024734e+00
4.801419999239112002e+00
4.867537526259402725e+00
4.875386709813094299e+00
4.879467335657238891e+00
4.909094703314535124e+00
-5.149727546984881332e-01
4.827070767342929614e+00
4.823820830719255603e+00
-3.664109184244352946e-01
4.904337608102801838e+00
4.811591777695653604e+00
4.885918477889040545e+00
4.843247081516480534e+00
4.910326564925655113e+00
4.913623483489794275e+00
5.866965504458578451e+00
4.865987184895940842e+00
4.879567667007531639e+00
4.868910452654963805e+00
4.901616963094253876e+00
4.921466405612881623e+00
4.850760428366594823e+00
4.920373359379339284e+00
4.882819488858897827e+00
4.884320809054647938e+00
4.911071913594104110e+00
4.925021121661363743e+00
4.927904348914855959e+00
4.902796157177405689e+00
4.944799953019238359e+00
4.944957119380815058e+00
4.938056011249083888e+00
4.918644379433084524e+00
4.941514744535894899e+00
4.939863625775174683e+00
4.919020581087425015e+00
4.909791434814048117e+00
4.909668332989502559e+00
4.917607602556929081e+00
-3.401483195039658458e-01
4.898252608725186974e+00
4.840389377899780854e+00
4.917325439515725982e+00
4.865564016977768524e+00
4.872249587011561189e+00
4.900168632139908276e+00
4.931513240114560048e+00
4.926740546835124412e+00
4.777339010441360223e+00
4.922660247091853236e+00
4.920741388048700315e+00
4.926095503941875897e+00
4.847050648291496344e+00
4.916207902922175244e+00
4.904490164468367830e+00
4.898246710135524928e+00
4.876516209617125064e+00
4.832010501879247855e+00
4.896568634669784537e+00
4.925208526510003182e+00
4.872172310819589569e+00
4.926007458692987839e+00
4.924071082608149297e+00
4.961596718233679759e+00
4.931840892203918969e+00
4.960385036296753647e+00
4.877045082804064791e+00
4.915100625879151863e+00
4.940506460512984255e+00
4.912140292030061417e+00
4.914544463800474716e+00
4.885764797543622251e+00
4.868124377472692998e+00
4.929428314093978969e+00
4.886740541637702329e+00
4.914023076867006345e+00
4.914572781210214458e+00
4.932495851425173328e+00
4.887764111292708158e+00
4.947974727273261486e+00
4.911180112559037525e+00
4.903819650314330758e+00
4.914127347636656928e+00
5.880676647504545329e+00
-2.591012977777441550e-01
4.947944347668302711e+00
4.912583191232204882e+00
4.863525552154250420e+00
4.935304957778082091e+00
4.894518580586458611e+00
4.921558798956192859e+00
4.908091578907583852e+00
4.891454356446091722e+00
4.904012820288913055e+00
4.907706595494842006e+00
4.879053007949016418e+00
4.942640154247898820e+00
4.912492008468689164e+00
4.923801212059429666e+00
-6.038885712323593946e-01
4.946042048608504160e+00
4.922777996516906285e+00
-3.897682744536066224e-01
4.926649449262452407e+00
-9.167633625275795062e-01
4.922110984395826172e+00
4.905238823358514466e+00
4.917494697091440159e+00
4.886564327330316537e+00
4.901921600689481018e+00
4.857247024125117107e+00
4.927274077652013418e+00
4.839126038056194901e+00
4.864440881335651667e+00
4.642315280034797986e+00
4.897024638087872361e+00
4.819111092752285330e+00
4.929692448747982070e+00
4.914694340091969593e+00
4.906293392757722138e+00
4.926359188315195148e+00
4.905034337839516034e+00
4.826723919105235794e+00
4.836967639026341637e+00
4.946260276121937416e+00
4.918286583682773383e+00
4.923777630636213765e+00
4.904850897845236979e+00
4.888382616848581108e+00
5.847884057093236443e+00
5.895438127101138903e+00
4.920880891507360744e+00
5.882425690394159190e+00
4.831929922498761520e+00
4.883643791497368269e+00
4.911018274380278825e+00
4.919499835549503430e+00
4.930684851811490077e+00
4.940864271123805551e+00
4.925653333665851008e+00
-8.006876376337861423e-01
4.934007962882229315e+00
4.899548188515960412e+00
4.880783931592583613e+00
5.865992967095950306e+00
4.869762359456939471e+00
4.878967389103545216e+00
4.912879701483223727e+00
4.896089074096789062e+00
4.841268412914635277e+00
4.930617158750953521e+00
4.907274776615098588e+00
4.941339818362378011e+00
4.945003436696028487e+00
4.939170649644288424e+00
4.899326143409559187e+00
4.813660782810829986e+00
4.840465797762554701e+00
4.905710901300835758e+00
4.897317765504205944e+00
4.889358032962066503e+00
4.892526526422263267e+00
4.876533863488800691e+00
4.871868033105583251e+00
5.916052460592657880e+00
4.882592769028835988e+00
4.942125691037547064e+00
4.906361378695279996e+00
4.802081745102515953e+00
4.901430617958768998e+00
4.887233356866804712e+00
4.918175603532454865e+00
4.904378043090201977e+00
4.800325627301306852e+00
4.832830855168377404e+00
4.826376517752355433e+00
4.868813938594440671e+00
4.908855609694921185e+00
4.894448271522828797e+00
4.898412022678817479e+00
4.905563149757260710e+00
4.901750920232118780e+00
4.860177064966212157e+00
4.925048995503531479e+00
4.973909927353407312e+00
4.882457304201023973e+00
4.924697149144536823e+00
4.952237324805349949e+00
4.887096572782843040e+00
4.932934770575174710e+00
5.911586338583900258e+00
4.918882704621078794e+00
4.852463370717930324e+00
4.904658496438162096e+00
4.923058229644212247e+00
4.888607449706765529e+00
4.920448174189583135e+00
4.894744760253342264e+00
-2.012883839007705289e-01
4.921470036876836929e+00
4.854120270754831878e+00
4.888953816964965782e+00
4.898853081918105090e+00
4.877083239238296564e+00
4.892757840842588024e+00
4.869487160932093772e+00
4.830632339092984395e+00
4.885438360681746417e+00
4.863867856431512315e+00
4.718416169875180088e+00
4.849396272003408725e+00
4.876713190427894418e+00
4.843823685590997741e+00
4.914125838337106700e+00
4.897063093277298051e+00
-5.743792482122095366e-01
4.906019299046244342e+00
4.896195735296336338e+00
4.854917793266600334e+00
4.941041248399923980e+00
4.917374260060061175e+00
4.870921260983013923e+00
4.888051397010356958e+00
4.683303159053251896e+00
4.869032588234231795e+00
-2.894507672503924267e-01
4.899535162332798954e+00
4.870676248023173116e+00
4.919371565542570934e+00
4.890089301249892273e+00
4.868364335136011078e+00
4.906843331394762586e+00
4.798234565914464511e+00
4.902682064767983405e+00
4.913062858345045747e+00
4.898351653915175241e+00
4.879088836942296226e+00
4.832968497146364228e+00
4.872570279319101694e+00
4.843602428714335772e+00
4.920007688159672377e+00
4.889209074223741069e+00
4.916956259180349065e+00
9.236008044005239448e-01
-4.727159769392180744e-01
4.932999742992882020e+00
4.915709370286402091e+00
-5.228000213522232542e-01
4.907034475250341643e+00
4.692061390318423619e+00
4.914984780618776306e+00
4.906151150606810951e+00
4.918127738201032884e+00
4.809920368492390352e+00
4.865397566758662862e+00
4.911539508555286204e+00
4.887497920164806331e+00
4.923433828322270500e+00
4.927328510430556641e+00
4.858993693552852378e+00
4.899999448864019058e+00
4.893782706969935781e+00
5.836423667209700739e+00
4.921275148927874099e+00
4.899552954155987905e+00
4.916432953026621533e+00
4.904458206430785339e+00
4.862956476066028877e+00
4.919607751242573990e+00
4.861708673374008249e+00
4.888321142418589282e+00
4.892239144802875472e+00
4.907003184587845013e+00
4.901813485000687365e+00
4.834359094531524015e+00
4.814208286128007330e+00
4.874176031625593097e+00
4.879369553165192386e+00
4.923570725868447795e+00
-7.543459831503268598e-01
4.834336818153694537e+00
4.902550027986776193e+00
4.887050215732671177e+00
4.885293255229884224e+00
4.895051569175921102e+00
4.931380679535957157e+00
4.792094658023572151e+00
4.789568087918306460e+00
5.880327407943850559e+00
4.926154587114339733e+00
4.890185316309794139e+00
4.874254106000372566e+00
4.878771890226653696e+00
4.895174032624395544e+00
4.821638362459371940e+00
4.860289784199374630e+00
4.819520122826427055e+00
4.845274494793474496e+00
4.876594471981189116e+00
4.798837234255765694e+00
4.831862322688054157e+00
4.939177574179145935e+00
4.791459325466167485e+00
8.157276395396479973e-01
4.814756337688693932e+00
4.922724666367177093e+00
4.875467067233031138e+00
4.857485290539887757e+00
4.889564351058783842e+00
-1.796726667954084977e-01
4.907260295972566411e+00
5.784646069024493187e+00
4.884910361852899285e+00
4.890893531037734832e+00
4.827669905014717600e+00
4.858774391517556523e+00
4.879307443166619684e+00
4.898316458353445313e+00
4.795735315192233728e+00
4.921707490119223927e+00
4.900094291685479497e+00
4.829786805524624249e+00
4.901011379422394398e+00
4.924974259445141556e+00
4.903781088542755739e+00
-8.648767208813266105e-01
4.887191945852507047e+00
4.911738274346961752e+00
4.745870054112197423e+00
-8.397820292020429234e-01
4.845355413459381033e+00
-2.013837650297624071e-01
4.878739316914287194e+00
4.872393313344775656e+00
4.832163467341464624e+00
4.853339730301713395e+00
4.850989958079618525e+00
4.894508579949008009e+00
4.899794614822763350e+00
4.794201179604018925e+00
4.924475113037733998e+00
4.809863181008802613e+00
4.906025545238474450e+00
4.800740939813857189e+00
5.824492449297169472e+00
4.871103742059094799e+00
4.881081844509894019e+00
4.900176192605973924e+00
4.894860178769255832e+00
5.854223385030936200e+00
4.900499918507998487e+00
-9.511203961942378271e-01
-4.907310866910092884e-01
4.900988800166198089e+00
4.907217686448287708e+00
4.925318264141324676e+00
-5.077382924867216429e-01
4.914937549034146258e+00
4.812092331906628218e+00
-2.029692954110434711e-01
4.806758097767763083e+00
4.737983608618211662e+00
4.895728476953163266e+00
4.897708770235888132e+00
4.897931457944022959e+00
4.914905816710504638e+00
4.892919573445611903e+00
4.865726523480226717e+00
4.883810951343107831e+00
4.877810449272353743e+00
4.803067644506866074e+00
4.883023968833270168e+00
4.887100697578427244e+00
5.836953449090584556e+00
4.899002559709212612e+00
4.920231939104461105e+00
4.912996162610915540e+00
4.868733307580373371e+00
4.928460318885124813e+00
4.834097017892366566e+00
4.902223711681200413e+00
4.871469221967343444e+00
4.825136737975431522e+00
4.869907524792258968e+00
-2.274418021810741264e-01
4.816024198501322573e+00
4.890808075154188472e+00
-4.678711470062775213e-01
4.846741648252277379e+00
4.834046166284812429e+00
4.909653709152483003e+00
4.915600029562941842e+00
4.888658318590216822e+00
4.893193557173532326e+00
4.931753638911269277e+00
4.818932316414797690e+00
4.902200070373603502e+00
4.891822456746600878e+00
-2.438760722983606133e-01
4.905313415123787379e+00
4.914654620267817187e+00
4.881192672175382441e+00
4.890971789350993859e+00
4.901038312838633892e+00
4.869778957029700095e+00
4.897018767102840897e+00
4.883735178226603857e+00
4.846181645675830651e+00
4.874894867499688367e+00
4.882221526792191568e+00
4.912622986586772100e+00
4.930133766185088362e+00
4.853550049704816516e+00
4.929192562655142495e+00
4.914275016336430824e+00
4.904465507794993684e+00
4.895487788089942782e+00
