-8.563859430567060116e-01
-2.278970460063823644e+00
-1.416471986684963991e+00
-1.523674362007919836e+00
-2.747679978355257457e+00
-1.402569812718988507e+00
-2.225200080226191535e+00
-1.399581784598684209e+00
-2.554407268610940918e+00
-2.078593776498619317e+00
-2.252107064303547013e+00
-2.135927401355646627e+00
-2.227679455155962884e+00
-1.066467557463149696e+00
-1.858148316898039054e+00
-1.900701095681466724e+00
-1.577188839559427347e+00
-1.993597804615009794e+00
-1.518192351859803724e+00
-1.211629890856069425e+00
-1.603417764348591401e+00
-1.895250854782553063e+00
-8.202384841711783947e-01
-5.363280091683382267e-01
-9.112542467677277047e-01
-5.483134486115287531e-01
-1.449628135536953799e+00
-1.722714513164882888e+00
-4.809233996175298342e-01
-8.480413049733865893e-01
4.047580028704715005e+00
-5.962950091419725318e-01
-4.735064855873695189e-01
-6.462373988369962685e-01
-9.934539151193195750e-01
-4.077708551334882081e-01
-1.052623771276377518e+00
-1.271869906451701615e+00
4.878160126973533295e+00
4.553397801816037926e+00
-1.193515328874624526e+00
-5.239586470448984734e-01
-9.764349626960775463e-01
-5.722871570845735611e-01
4.700384449034611833e+00
-6.237038493232043290e-01
-5.453303094583369370e-01
-2.879451486705774110e-01
-7.870896231326603987e-01
-1.896550647863494587e+00
-8.715093366926403018e-01
-5.981522607343927600e-01
4.851547220376966507e+00
-5.694155021387170557e-01
-5.934672662774507224e-01
-5.794317824321970622e-01
-7.927116689402010641e-01
-3.502502846917786572e-01
-8.579015475478799502e-01
-7.042214061619476162e-01
4.872747176534355518e+00
-5.553003812744533585e-01
-9.328071721733732780e-01
-5.845689043171317101e-01
-7.751812222563375654e-01
-4.948067957319308707e-01
-5.828197880643424256e-01
-7.236704111547598295e-01
4.612121064158021255e+00
-5.205004019111278968e-01
-6.491139464535610193e-01
-5.435896381699077962e-01
4.824521302765652386e+00
4.883390264264741987e+00
-5.791866678618398101e-01
-3.452164601050213832e-01
4.769576460531231632e+00
-8.236167899017637906e-01
4.923616533915751603e+00
4.883926957395859247e+00
4.881219653096398936e+00
-4.769678334364091388e-01
-5.173504692069188504e-01
-5.440241766494093856e-01
-4.803296764691025178e-01
-4.586290909623784717e-01
-4.913051254034673798e-01
-4.873287714473435450e-01
-4.837576622724027997e-01
-3.873937397126073767e-01
4.919508426419039182e+00
-3.729102224257913045e-01
-5.225328642781755795e-01
-7.349959179845628743e-01
4.899959817019345465e+00
-8.462552728672696478e-01
4.927881770961596075e+00
4.919592917435124058e+00
-5.822781535351531090e-01
-5.344980711211942959e-01
-2.798403673413875081e-01
-5.721479946100284097e-01
-6.280416603999412484e-01
-5.238031543666294976e-01
-9.204750842176692149e-01
-6.864626976775956013e-01
-5.546457011738515908e-01
-6.849928903858757412e-01
4.839735809446835013e+00
-7.637888063321249810e-01
-3.859382132038394753e-01
-5.442914710873889561e-01
-2.106580378257520980e-01
-4.241420990619171327e-01
-5.463549996316945379e-01
-2.855655860793815393e-01
-5.251745466264226003e-01
-5.599621791741307142e-01
4.933635286202081360e+00
-5.342720027522795956e-01
-5.264442678630314454e-01
-5.277540315756146239e-01
-4.911441410627469528e-01
-5.717866656311371143e-01
-5.552083724199926573e-01
4.860142859798866510e+00
-2.454517737148437240e-01
4.647173897099989404e+00
5.828317940879748527e+00
-5.831132922239689043e-01
-1.996682679833449159e-01
-5.511544707652908937e-01
4.929793486100556343e+00
4.883376248695055821e+00
-6.589553072473547379e-01
4.920836474180530828e+00
-4.886398615624519826e-01
4.936046075446912873e+00
4.913178650697101801e+00
4.921273734031965219e+00
-4.467993549084785521e-01
-6.295557473552164662e-01
-3.394996124949751781e-01
-5.375756142190544207e-01
4.942956587872580521e+00
4.960763030836380594e+00
-2.095919751371988493e-01
-5.305015965494461749e-01
4.792255558965561768e+00
4.903606910780616168e+00
4.931791920630773873e+00
4.800522166962528203e+00
4.845634728452109741e+00
4.852724710602326574e+00
4.841729281128558604e+00
4.926752690926392120e+00
-5.462844689528576492e-01
-5.323316582630801541e-01
4.866613369201184369e+00
4.885014824778235010e+00
4.882557057298813064e+00
4.724523442095502901e+00
4.703266810891432392e+00
4.909949818186042592e+00
4.900349635200680787e+00
4.772236798643723077e+00
4.883567176858218062e+00
4.908410030269607205e+00
4.903836425594168880e+00
4.866749711672955669e+00
4.696634790264875292e+00
4.918261213701155654e+00
4.930019785988591252e+00
4.800872117350788670e+00
-4.106869847893090952e-01
4.928313903633224413e+00
4.792418720206116589e+00
-5.262532339546304172e-01
4.883969831502684933e+00
4.913243761329007420e+00
4.866063702996349605e+00
-5.509612462250017551e-01
4.949795969254117800e+00
4.883486037787530876e+00
5.739173312085286582e+00
4.839350675361251852e+00
4.904656747860098420e+00
4.681232362055004259e+00
4.824290435668213028e+00
4.778296248433143489e+00
4.919461214176755526e+00
4.828308342032847200e+00
-5.119874727053495000e-01
4.804564898629390512e+00
4.772615441728984109e+00
4.893079353171282619e+00
4.843690374248810215e+00
4.935759921869278699e+00
4.878286139509494745e+00
4.865404734922862851e+00
4.887239362563262191e+00
4.899300163237438888e+00
4.872624022736687266e+00
4.860439194961604592e+00
4.919051381936950129e+00
4.905502325567134392e+00
4.767360098182320982e+00
4.896657584655600637e+00
4.892418472626005155e+00
4.744856432112559474e+00
4.885573447269385028e+00
4.900821668470128678e+00
4.883934830413253714e+00
4.841371223799552759e+00
4.927621772794987365e+00
4.888732259236789446e+00
5.790928245975928590e+00
4.863561361634054947e+00
4.851358274989630459e+00
4.908761007421955647e+00
-5.213570562980049949e-01
-5.125835185266934824e-01
4.894742030402444932e+00
4.879882766113112780e+00
4.932845076835499221e+00
4.853641509450061342e+00
4.932630118013010545e+00
4.917702447892730255e+00
4.885830007451679613e+00
4.891163736034452647e+00
4.685509608026615425e+00
4.871089655030955257e+00
4.910492774397027915e+00
-5.706896317683387565e-01
4.939441428831914394e+00
4.871483890593129473e+00
4.890515369936582424e+00
4.898049407339082784e+00
4.934738979966375894e+00
-5.164688901556313549e-01
-5.507065593418678517e-01
4.960776776330249938e+00
4.889610095548663438e+00
-5.230781838071063561e-01
-7.821621696529099665e-01
4.782776330505256190e+00
-5.227260072129227275e-01
4.835596699927819486e+00
-5.065422719450801692e-01
4.817350584127455093e+00
4.882181965320507189e+00
4.893425376321097531e+00
4.815314748739290884e+00
4.758354399019070868e+00
4.896338662338975745e+00
-4.824747732404982559e-01
4.926500873887396104e+00
4.934853980557332598e+00
4.961308799825446592e+00
4.865763104809088802e+00
4.900352244412758296e+00
4.809880324118608996e+00
4.821301622312693880e+00
4.868573499300578256e+00
4.906924961590345191e+00
4.922196701889228088e+00
4.723157440411595687e+00
4.866610576541932076e+00
4.851667417768597446e+00
4.851775175134570794e+00
4.886390954561560918e+00
4.865009685344160673e+00
-1.915786177376391786e-01
5.756451424525501182e+00
4.915247258388481200e+00
4.889555460868217907e+00
4.901451492791339959e+00
4.787483565069576841e+00
4.817396705151466563e+00
4.905658701109119946e+00
4.790503982044404196e+00
4.767579909522488890e+00
-7.269728193749845913e-01
4.812380503758760142e+00
4.881296669028440505e+00
4.833613885422206380e+00
4.712457825485343754e+00
-2.384812491056103045e-01
4.899576594656711137e+00
4.806276879988405248e+00
-8.195881056484858318e-01
-8.181256728324868277e-01
4.868251646013089129e+00
4.831651807253544817e+00
4.783055375757078842e+00
4.880386483845471801e+00
4.631923956170698631e+00
4.904413515914646027e+00
4.830206348694564333e+00
4.874926137462566089e+00
4.816607252865155786e+00
4.856992382892303617e+00
4.778492082334996560e+00
4.868535199666633950e+00
4.836295958218576274e+00
4.786383115831599255e+00
4.832287016961116954e+00
4.855953655932767177e+00
4.711541211140535701e+00
4.859569284769048814e+00
4.699629670296326722e+00
-7.478153775806789527e-01
4.903450478111317068e+00
-7.326955397355259247e-01
4.856948960912427005e+00
-3.359386115660658589e-01
4.784569336639195036e+00
-9.281885275973447147e-01
4.814301330194475703e+00
4.780808595126949001e+00
4.881804330069202891e+00
4.891589502090207375e+00
-7.424735592409732465e-01
-7.897741144445149519e-01
4.751326474031551506e+00
4.725551808784754115e+00
-8.806713995745831802e-01
4.769592287255655094e+00
4.621477224067996659e+00
4.853489772085660015e+00
4.886334735631242765e+00
4.754604076256478074e+00
4.734398137426403252e+00
4.690389699856758909e+00
4.391028419812104566e+00
-8.561518572954125439e-01
4.739839170934275536e+00
4.817189906626487605e+00
4.841544217050289589e+00
-1.765603928035321513e+00
-1.925285329630247455e+00
-1.192577143201393852e+00
-1.049105924073001628e+00
-9.832237644144483646e-01
-9.926317504946023940e-01
4.493231575130240074e+00
-6.541216384042891629e-01
-4.641942165714130208e-01
-3.165025579753323326e-01
-3.482253148584540936e-01
4.552372090626304768e+00
4.791283965553926549e+00
4.924937008529662208e+00
4.546436067480572163e+00
4.849656049740035613e+00
4.470896793685822601e+00
4.775237966377102516e+00
4.612287033913645473e+00
4.890083419838119561e+00
4.724317429714448124e+00
-2.050371526033494263e-01
4.713380815753263064e+00
-3.294116537965917635e-01
-4.939302713930837641e-01
4.685038362051077598e+00
4.213734407753936040e+00
4.883054106338894584e+00
4.574664238862039767e+00
4.849950794652690078e+00
4.845507484912154439e+00
4.713975712887033431e+00
4.885059066073422329e+00
4.754152696049809279e+00
4.868127550369819367e+00
4.773135066742730359e+00
4.405098601092008792e+00
4.852096122941063072e+00
5.714312290479969469e+00
4.886092629963126655e+00
4.882486379025152701e+00
4.664390777932899468e+00
-4.532109112169127041e-01
4.696188598593188601e+00
4.794283236446774232e+00
4.802268609519583009e+00
4.687201547384603373e+00
4.901703202061517217e+00
4.931420076650397277e+00
4.706620205961677961e+00
4.730054587212215722e+00
4.559481065727165827e+00
-5.235001641783151305e-01
4.699311822973951891e+00
4.614821437261297454e+00
4.648195786031378951e+00
4.587047461303958684e+00
4.851862807427029800e+00
4.899149482820523538e+00
4.553871363195282740e+00
-5.038254174066019164e-01
4.615456601626501509e+00
4.851737248553828152e+00
4.930974730685352192e+00
4.552330522299014248e+00
4.820810761684549917e+00
4.807732767669246954e+00
4.738170617446455068e+00
4.807468448478186218e+00
4.621964602939152122e+00
4.751055982503485708e+00
-5.572534273142049077e-01
4.749968919183203298e+00
4.863301836821715796e+00
4.810460814745859182e+00
4.744918004688598145e+00
-2.510883639357721631e-01
4.897736189243432570e+00
-5.932954095416012041e-01
4.732948530234708073e+00
4.744261248702509093e+00
4.754840357398456341e+00
4.718900863176060057e+00
4.706668905477906506e+00
4.764546261617569556e+00
4.707316819495272142e+00
-2.529423549649048031e-01
4.586902577523053637e+00
4.644277948911192944e+00
4.858179974963554137e+00
4.442606452821595830e+00
4.788671194404993336e+00
4.821492186181615125e+00
4.772423671815387181e+00
4.840936698476914657e+00
4.715650549037246897e+00
4.511770921264260714e+00
4.869089067954648797e+00
4.788492959039801100e+00
4.861102828988788538e+00
4.691105483080420413e+00
4.877825861831982301e+00
4.569362304454978485e+00
4.600657923692109463e+00
4.762719622293069222e+00
4.726829739638766625e+00
4.631413874935426556e+00
4.728191966901609256e+00
4.902130893470863171e+00
4.776241911641550431e+00
-3.388817254942061430e-01
5.687136572787661493e+00
4.743851315496891097e+00
4.546999743922177650e+00
4.871484767823621276e+00
4.814557139317566126e+00
-5.930013856985469900e-01
-5.836861321728833429e-01
-7.681144752591853031e-01
4.704320859273432021e+00
4.691150582817584791e+00
4.695352286054440327e+00
4.831366312931614004e+00
4.822809951741138690e+00
4.869607529037302207e+00
4.890742342242866414e+00
4.808133001517397531e+00
4.692565327919897555e+00
4.773406131018206544e+00
4.871660435502821684e+00
-6.061364638414912243e-01
-8.600110106323715087e-01
4.479779550444543901e+00
-5.802709587065011387e-01
4.863783674016016967e+00
4.837106260226237353e+00
4.718738130528344676e+00
4.840351557360505375e+00
-5.624181980415960957e-01
4.866851101013320857e+00
4.806485139686844654e+00
4.883687844077381435e+00
4.895500155875332382e+00
4.812202929219545844e+00
4.870330673204421146e+00
4.805487838806675960e+00
4.897357861267346735e+00
-6.303417413942993264e-01
-5.579103873113334666e-01
4.638051235243878523e+00
4.657407184377937881e+00
-6.111651063017728980e-01
4.699464622241158906e+00
4.790750258658728278e+00
4.804561007706233511e+00
4.804208060710363881e+00
4.821188294736254321e+00
4.694567978146714893e+00
-5.586705229712966014e-01
4.836456355193378798e+00
4.891430696595219452e+00
4.832296565754909068e+00
4.877230929073306243e+00
4.896244162295538160e+00
4.784627955518461206e+00
5.650264653977363771e+00
4.859637514722118468e+00
4.750927662571838184e+00
4.848035534009214054e+00
4.803206864842218593e+00
-6.209726492983207446e-01
-6.073751581326937155e-01
4.579860786357780711e+00
4.839306488450573873e+00
-6.772071200572343797e-01
4.889281989765826175e+00
4.834329325024124380e+00
4.850580311241394327e+00
4.883828610632311218e+00
4.877319569847601954e+00
-3.428945437402748375e-01
4.770041133164794722e+00
4.873254191048856043e+00
4.916694307834157840e+00
-6.051417620813868137e-01
4.863639881210395366e+00
4.796647646786000863e+00
4.885087787842784302e+00
4.711986605795724259e+00
4.843368095962196307e+00
4.885725981069391821e+00
4.688877859461437758e+00
4.839747128554686029e+00
-6.342243528018800536e-01
-5.500284384830589346e-01
-7.080256545608334395e-01
4.862723530151899176e+00
4.883834608999526594e+00
4.911771727346863514e+00
4.917284322236128880e+00
4.875889062898479231e+00
4.827813645543757026e+00
4.788413117251977269e+00
4.796321784497587615e+00
-5.352903906642740850e-01
4.883739293388059011e+00
4.894402072325391373e+00
4.904113726273859442e+00
4.872502535807647916e+00
4.876130143474304290e+00
4.862727424581171576e+00
4.795473710992990135e+00
4.832825379487762696e+00
4.789059194750529436e+00
4.829483750735295899e+00
4.748553425941273609e+00
4.789956707803572300e+00
4.784862737215536121e+00
4.790536487876178917e+00
4.852094505518087075e+00
4.883734254635870187e+00
4.809006868210111918e+00
4.893010137048891650e+00
4.840334091415908091e+00
4.936433952058361996e+00
4.832620120078716219e+00
-5.178878506687853989e-01
4.879817005337168112e+00
4.877142464039477154e+00
4.902231452214069307e+00
4.709618657637456351e+00
4.851669870152249153e+00
4.888968551767453263e+00
4.746237269673674319e+00
4.933489444041496697e+00
4.736457015281356320e+00
4.926595368331824432e+00
4.916119943413063353e+00
4.893057061740572422e+00
4.912272605286791105e+00
4.864762851358748641e+00
4.826718518288146242e+00
4.895566713483614052e+00
4.908635411665893677e+00
4.803430500073856635e+00
4.924890074913292892e+00
4.877507300426018766e+00
4.856728023723617227e+00
4.914400114875268066e+00
4.886199077721283146e+00
4.923140578287316771e+00
4.809491584800914765e+00
4.892011983100490013e+00
-5.040418536594939436e-01
4.894836234955882048e+00
4.888844730439767972e+00
4.901949140531839610e+00
4.957158530759468107e+00
4.920162681017913542e+00
4.913015017687360597e+00
4.941119849276073062e+00
4.865531848163142215e+00
-8.257968988533153087e-01
6.699753240403428123e+00
4.909180028951952934e+00
4.869303869008829722e+00
4.847412401512068314e+00
4.902376146322666273e+00
4.875497833829152583e+00
4.921600629948406969e+00
-1.482109178262714932e-01
4.887925825973848504e+00
4.864743533397078323e+00
4.906321531054906870e+00
4.934744599535145326e+00
4.773827193303954886e+00
4.855265739019152704e+00
4.859248204900213253e+00
4.895456275708952809e+00
4.805311744579121580e+00
4.900687103205314088e+00
4.930438831273103339e+00
-4.113319316596888431e-01
4.923759578972461526e+00
6.806707687783689842e+00
4.899120061900267942e+00
4.932223404145979373e+00
4.904771604463610046e+00
4.903524282733925155e+00
4.925961008549561981e+00
4.858048246736828446e+00
4.896735067355231230e+00
4.864615718097727637e+00
-2.682195719923147204e-01
4.873907094871118062e+00
3.812084256708159202e-02
-4.894988981994379262e-01
4.915603356848581740e+00
4.825298153453104533e+00
4.839614679841800715e+00
4.927954377468358516e+00
4.890350279534650291e+00
4.878716727496226646e+00
4.898834854287139606e+00
4.869328549858781052e+00
5.883705370813453683e+00
4.884969479223741473e+00
4.463972092711314232e+00
4.860092206651414060e+00
4.844635245146934999e+00
4.945459932455108287e+00
4.906275852829709017e+00
4.869662589783684936e+00
4.873376903279707406e+00
4.902687742023662310e+00
4.911951332221113908e+00
4.951064734298469716e+00
4.873440883212134977e+00
4.878410270588528164e+00
4.908077545178899825e+00
4.820425819595303807e+00
4.882301326181547552e+00
4.924021033048944673e+00
4.932885355386359194e+00
4.929137539328070972e+00
4.824066502837210280e+00
4.790085066513710466e+00
4.889903512400819885e+00
4.922703407543338017e+00
4.804865018525223519e+00
4.918631669407076856e+00
4.916478854393451670e+00
4.895889786299965962e+00
4.843268387227555039e+00
4.873520261955127886e+00
4.878031742620978051e+00
4.895465156348153712e+00
-1.552895840222644486e-01
4.812926867715559887e+00
4.913777268997058911e+00
4.795677802186753880e+00
4.876114262298816726e+00
4.891932129309431332e+00
4.888577908689159202e+00
4.908508439581197536e+00
4.915351337713264712e+00
4.908947119568535911e+00
4.888192715751592310e+00
4.853354770763838033e+00
4.854407078702211109e+00
4.908687462829051995e+00
4.846366419531267233e+00
4.911387631965035361e+00
4.895117589177581330e+00
4.878544670585403864e+00
4.918142467234510207e+00
4.954525688502535274e+00
4.926545733473052024e+00
4.848542682548967697e+00
4.884095972724644241e+00
4.871813361628083427e+00
4.902136667103249579e+00
4.891425404859865544e+00
4.436072872286781710e+00
4.870201898768562465e+00
4.936278467959911431e+00
4.932574323726076848e+00
4.940290088567902416e+00
4.833365745971566874e+00
4.877263131964548748e+00
4.883864445989604341e+00
4.903134745575691511e+00
4.849250426009266590e+00
4.875484211407592916e+00
4.917479765215189147e+00
4.923708504307610312e+00
4.869496115091988209e+00
4.891807398697027409e+00
4.868391698796209255e+00
4.901722332103039648e+00
4.909665279657356329e+00
4.827197894360946151e+00
4.789714552710767848e+00
4.885561991586667929e+00
4.923250628762145809e+00
4.541590646449647828e+00
4.915417950072223263e+00
4.868077847619382226e+00
4.871071233023337221e+00
4.902344180340486801e+00
4.913645150331371170e+00
4.954860208414224587e+00
4.931161388294430736e+00
4.893646257707480629e+00
4.925129653807237773e+00
4.930565365656159216e+00
4.885457310217121041e+00
5.835728630843894038e+00
4.875191268100261155e+00
4.891886159464787553e+00
4.870017510017433437e+00
4.969697823916824575e+00
4.955712370171871939e+00
4.909721274088354903e+00
4.811280366922174423e+00
5.857220547215549189e+00
4.933737477955082440e+00
4.866975823384354527e+00
4.946464451118128380e+00
4.909539775708655185e+00
4.902891541355751670e+00
4.895261084757570380e+00
4.799922351556324074e+00
4.944145433620790619e+00
-1.864441036814870056e-01
4.873897105238883753e+00
-2.775782954846991446e-01
4.899444333858467893e+00
4.842552452752046932e+00
4.857646765597099403e+00
4.787559424816736353e+00
4.892388538958124755e+00
4.870466605611730060e+00
4.874088981708111668e+00
4.858909421960698083e+00
4.953475087891643369e+00
4.846594862724129982e+00
4.871357199899899904e+00
4.922140805140266195e+00
4.918719986771564301e+00
4.904284048886886183e+00
4.922542557551659925e+00
4.915264333433123412e+00
4.944632745715131783e+00
4.897252179330549460e+00
4.924264379327560448e+00
4.921586507256423104e+00
4.838103965087832137e+00
4.851824142171902388e+00
4.922266524748753369e+00
4.934775458495306744e+00
4.953006645812358499e+00
4.929865979003064780e+00
4.932400351446827536e+00
4.898245275235110441e+00
4.718271491970615017e+00
4.919429245406500506e+00
4.873512160012063887e+00
4.875117274940663492e+00
4.916709902047513125e+00
4.911713126654190020e+00
4.911226410792089325e+00
-1.554780276044517295e-01
-1.504711491545789315e-01
4.886766227877625823e+00
4.910433899155659532e+00
4.890659442808678925e+00
6.731125388823910427e+00
4.873190137702867020e+00
-2.878630416364003075e-01
4.856457955204927401e+00
4.846145571721875989e+00
4.889040536814644788e+00
4.889483264653624595e+00
4.906461289432376915e+00
4.881200733742966591e+00
4.916159833073864505e+00
4.886091213827871371e+00
4.934861756108499975e+00
4.955127838986177480e+00
4.934560960257815765e+00
4.880995255683814094e+00
4.833474373624754961e+00
-1.525125467294633497e-01
4.839530931491989207e+00
4.886555288934317787e+00
4.912925748651312041e+00
4.838148008119147470e+00
4.861338293180807568e+00
4.884611502454723642e+00
4.869612680927561499e+00
4.945756880853787507e+00
4.848539485750814393e+00
4.933005659042468238e+00
4.768651999335592251e+00
4.848693581601568603e+00
4.794565780147034495e+00
4.939644248086847433e+00
4.819156018928982377e+00
4.882390206757346363e+00
4.917101168791614185e+00
4.907058067931683532e+00
4.824547919115371286e+00
4.839016393077200995e+00
4.841246872182874306e+00
4.764967796356205376e+00
-1.710109980492887649e-01
4.877794906802489727e+00
4.827115034177023034e+00
4.903244528918599521e+00
4.872275578069496405e+00
4.952700689785345389e+00
4.887988375703401722e+00
4.905219946354452354e+00
4.820155059438210543e+00
4.895460400746227236e+00
4.916479706476955869e+00
4.889534689999385897e+00
4.945067913927108094e+00
4.910818585000331638e+00
4.940797960117401466e+00
4.803939282005066147e+00
4.848851059710534095e+00
4.865657597104583232e+00
4.823078953518812995e+00
4.913126797097996601e+00
4.849788445987693208e+00
4.913896629208552191e+00
4.902261594245040932e+00
-5.417399857710720745e-01
4.882612218004652505e+00
4.909410526410267650e+00
4.927211146250545681e+00
-4.754880033228233716e-01
4.891674647010702870e+00
4.919111843865371370e+00
4.830280636541803396e+00
4.908991611104768893e+00
4.868179762145227407e+00
4.939504380822766549e+00
4.950659408028711184e+00
-2.417575146789084917e-01
4.917756645102060453e+00
4.911417105437925201e+00
4.896898040831079157e+00
4.893725899873730967e+00
4.897228095342892829e+00
4.882832422458506905e+00
4.885923258769889088e+00
4.881568832438763827e+00
4.920160548236740539e+00
4.848673766336710322e+00
4.862572090416821702e+00
4.931435844565225324e+00
4.908765844336272721e+00
4.928148077736850929e+00
4.898216728994972513e+00
4.925186770140975057e+00
4.850425380213640558e+00
4.817990446310752795e+00
4.909359343863821223e+00
4.952533394769062625e+00
4.916996628233042621e+00
4.886365375140122147e+00
4.890208735573131626e+00
4.869262302798915698e+00
4.843254792809876363e+00
4.904766483541346922e+00
4.929857328060942123e+00
4.876149065117100889e+00
4.882473849573255364e+00
-4.316289905222699952e-01
4.903313130090078076e+00
4.897091602847888581e+00
4.893218224883085554e+00
4.844322417454472784e+00
4.869130359552622522e+00
4.867454416572998710e+00
4.882694132470984272e+00
4.948541581742803785e+00
4.936799282198244931e+00
4.938404029908950221e+00
4.895309492376105354e+00
4.865413468514930173e+00
4.892885503666535740e+00
4.901028935899845784e+00
4.931946785614598205e+00
4.926482685618321256e+00
4.932627723647502904e+00
4.905968428223172140e+00
-5.842963216053235209e-01
4.906335510427577873e+00
4.797949976293631735e+00
4.880784776819413473e+00
4.934820720006428019e+00
4.867861694815809770e+00
4.922439609884579070e+00
4.911550118500153772e+00
4.926015337585563536e+00
4.929279835557399458e+00
4.891199399413610927e+00
4.922480368154911190e+00
4.901513663626973383e+00
4.941667601236440888e+00
4.847326797099359652e+00
4.887041664724590007e+00
4.872796980424046964e+00
4.909135079043082328e+00
5.925382978210187446e+00
4.894070821941470584e+00
4.847704808855527681e+00
4.788597930285709126e+00
4.766776074642030459e+00
4.915898572651920873e+00
4.823071361941226876e+00
4.899758803880708946e+00
4.800621055866588271e+00
4.873862754645903905e+00
-8.184446700006300368e-01
4.936789741948457433e+00
4.725172232652232296e+00
4.946293724055130347e+00
4.917001268228116118e+00
4.900676736843010417e+00
4.907301566219006261e+00
4.887307022191149208e+00
4.858841143717073763e+00
4.853264127599552502e+00
4.919608717222334171e+00
4.912851203075038420e+00
4.919061313083871845e+00
4.876896685275811549e+00
4.869885253895674282e+00
4.906718420821766458e+00
4.931853347196982540e+00
-4.454771106679782378e-01
4.942675945265302850e+00
5.800181716497876394e+00
4.887182586917779403e+00
4.757070241402193034e+00
4.832791328447306078e+00
4.870278816344047357e+00
4.900660110810752812e+00
4.877622936201575499e+00
4.896503848913602575e+00
4.880547700793998800e+00
4.896678210468081716e+00
4.681448937689982159e+00
4.938619649859601779e+00
4.932691512933168099e+00
4.817312213198098547e+00
4.907476607445184769e+00
-2.901536501683635860e-01
4.901430751172497935e+00
4.960462254308316332e+00
4.925909131961610399e+00
4.939046886003431780e+00
4.901485866336041219e+00
4.818522053403642147e+00
4.925097238675881783e+00
4.912176879769940996e+00
4.871574723987029287e+00
4.918298341247214545e+00
4.906230464673551950e+00
-5.802898649465173531e-01
4.936515999723908976e+00
4.800133264438994907e+00
4.813001968437363942e+00
4.812050723588923162e+00
4.929016210359449701e+00
4.968984257176595420e+00
4.912973077334869210e+00
4.900468374559421747e+00
4.880665301043483950e+00
4.889059408563410258e+00
4.867589966310736038e+00
-4.582260078671959169e-01
4.895469961698409200e+00
4.906720848058417239e+00
4.839175054373841434e+00
4.924642394889440666e+00
