4.862992929254112084e+00
4.897172412222744242e+00
4.870340422960774518e+00
4.899967839237955758e+00
4.923322073909403684e+00
-2.086933087046019430e+00
-1.389861224067501899e+00
-1.477591755072316104e+00
-1.350920112742501011e+00
-1.671067175869579646e+00
-1.548411811630335588e+00
-1.311321183261839440e+00
-1.345471798155670307e+00
-1.340008900019274307e+00
-2.678455685777288764e+00
-1.337215606204169571e+00
-1.340060827347843597e+00
-1.707357086162200277e+00
-1.302062898152635206e+00
-1.297279190202434762e+00
-1.276638208811145425e+00
-1.325814592603030251e+00
-1.839191073308330537e+00
-1.337736248373731840e+00
-1.638180029347076072e+00
-1.587993172443705525e+00
-1.315184951512293754e+00
-1.478080839269124702e+00
-1.310632812859814145e+00
-1.400905952384452924e+00
-1.516520140562040542e+00
-1.255598906590045027e+00
-1.161996342961953976e+00
-1.281487491120352651e+00
-1.632648400695535074e+00
-1.286924079381587038e+00
-8.209229314190475968e-01
-1.266892988735386139e+00
-1.331441616031419528e+00
-1.333539979801627862e+00
-1.660532685233542693e+00
-1.302550871910691743e+00
-8.837684765359526962e-01
-1.288200855529556321e+00
-1.150101055276896211e+00
-1.668333983285483546e+00
-8.667707525943606495e-01
-1.881775766641823111e+00
-1.273647018755734273e+00
-1.310042818122945762e+00
-1.523490965629739069e+00
-1.290824430795401545e+00
-1.298277945113320619e+00
-1.834502002255419928e+00
-1.022869616303079932e+00
-9.943951169572631255e-01
-1.304424563754561728e+00
-1.272990329948006316e+00
-1.376343926054674371e+00
-1.292785735376232203e+00
-1.951511827985120462e+00
-1.131925466091753485e+00
-1.515447138378611225e+00
-1.375172669771706602e+00
-1.268406566244133060e+00
-1.535319783010033579e+00
-1.488104998428646741e+00
-1.304226911052699833e+00
-1.524590492199805025e+00
-1.390778414840802002e+00
-1.299986821845748874e+00
-1.310370314015823379e+00
-1.313637545589999789e+00
-1.781339824272739625e+00
-1.308440495380606583e+00
-1.811102030182415668e+00
-1.326536763094236626e+00
-1.433508142352342363e+00
-9.974861349942517608e-01
-6.860960929928159313e-01
-4.988587848353593923e-01
-2.155511251868602596e-01
4.890955027894900553e+00
-5.397527775554789020e-01
-4.764571058769677681e-01
-8.348126357719114488e-01
-2.015869876829033958e-01
-7.531800622926249078e-01
-6.808676396184432100e-01
-5.337362051543563801e-01
-3.033018375688246726e-01
-8.461938365163237386e-01
-5.200917267053003501e-01
-3.418596864267189339e-01
-5.506085517684448094e-01
-3.408591586984744959e-01
-2.094158788112301384e-01
-2.839436196227681508e-01
-3.152301448262486705e-01
-5.278935533025570503e-01
-4.824550163731302632e-01
-5.413612349484526742e-01
-5.441428158150103389e-01
-5.258179763665693507e-01
-5.149003029212397831e-01
-4.932428997861547648e-01
-5.034475042309183301e-01
-4.480600165373136434e-01
-5.192110726365857243e-01
-5.543103623933947066e-01
-5.149391971493005871e-01
-5.193641087006003465e-01
-5.681258324460554121e-01
-5.598895206620582154e-01
-5.226340584049438132e-01
-5.701077606972448919e-01
-5.052970477176687014e-01
4.872167954618704222e+00
4.936519535958169058e+00
4.881203172598556961e+00
-5.030911097922329267e-01
-4.925209933735004153e-01
4.887392853180271501e+00
-5.463164897620198523e-01
4.869948897017112976e+00
-4.148434801384996984e-01
-5.637732319759761745e-01
-5.449694905382707066e-01
-5.208948447446326568e-01
4.825828069730824232e+00
-5.213412152214631501e-01
-5.299750646263435838e-01
-4.925322166945605984e-01
-5.089556620769454254e-01
-5.308124899683881459e-01
-5.325527053604047767e-01
-5.442385904337893043e-01
-6.135373560533532444e-01
-5.397537389429682975e-01
-5.303821405101620812e-01
-5.332514840105204712e-01
-5.489043556706574289e-01
-5.343710010481899086e-01
-5.481500747043962507e-01
-5.205279839659798791e-01
-5.165604623986583821e-01
-5.474785811223018550e-01
-5.207527360453063636e-01
-5.743234594083168609e-01
-5.259787571707490450e-01
-5.150428442158674347e-01
-5.383749572021224727e-01
4.910987843034495981e+00
-5.142046338538515116e-01
-5.109382287478856366e-01
-5.429120938002034435e-01
-5.340712298929546353e-01
4.898959107654468070e+00
-5.499870264691546495e-01
-5.551666292077439557e-01
-5.107088403320918513e-01
-5.701591821356694068e-01
4.864429278611445362e+00
-4.988396096903943144e-01
-4.650912835500047304e-01
-4.203808517545121193e-01
-6.567279146496560749e-01
4.880785608349642146e+00
-5.173479203310287211e-01
-5.421018504289255580e-01
-4.918522260562006032e-01
-5.956235479323601645e-01
-5.828137050723194434e-01
-5.572905475748640702e-01
-5.344253909076532860e-01
-6.682810870963652450e-01
4.856809719529186609e+00
4.865937192348601670e+00
-5.166238832339047349e-01
-7.713255162498335871e-01
-5.160697611978417587e-01
4.844785188653823127e+00
4.835336729006106005e+00
-8.936221361647961325e-01
-6.874122679774691269e-01
-5.985987969704873457e-01
-6.860869629829244865e-01
4.786504761770058458e+00
4.874029476696297714e+00
-6.032264887457362557e-01
-5.414098600761585445e-01
4.889236972651751501e+00
4.882958928874229443e+00
-5.198304994703590864e-01
-5.978808734041689554e-01
-5.157401793235059095e-01
4.938625575622941355e+00
4.874817407893666577e+00
4.917123332414636394e+00
-5.299764598167431284e-01
4.795243933141283499e+00
-5.997894303234387881e-01
4.897344225179568689e+00
-5.674150627783284273e-01
-7.065220840554911064e-01
4.725608378177196478e+00
-5.754020089968006069e-01
4.591778739367256890e+00
4.740279224178538975e+00
4.746346909130929603e+00
-5.558443156589699674e-01
-5.308571391467455935e-01
4.697832764746328493e+00
4.761380019116737472e+00
4.929734446703506023e+00
4.582370419207136614e+00
-5.046792898139811356e-01
4.883412010660178382e+00
4.693619468746189405e+00
4.752645056452316830e+00
4.773100753348490599e+00
4.682661960288333702e+00
-5.275133242930822863e-01
4.747123304797202792e+00
-5.919248577640194853e-01
4.894252977740749522e+00
4.791079330809948189e+00
-5.163048098044387135e-01
4.522432141876119971e+00
4.790280768561313351e+00
4.733182309097350604e+00
4.823935922955069344e+00
4.895618872402446087e+00
4.782297404302555677e+00
4.910371900757573016e+00
4.820093957849421962e+00
4.833853223443810521e+00
-5.277114188826741437e-01
-4.904111631567884544e-01
4.805316090903918536e+00
4.850079859447047781e+00
4.804820637947786466e+00
4.818440421863395606e+00
4.858246575609222795e+00
4.832018725530363490e+00
4.864748397588551043e+00
4.710338953646038718e+00
4.861296293223696274e+00
4.813192689607102892e+00
4.866390908907133550e+00
4.706016159519006870e+00
4.831382766588562916e+00
4.640691586477217356e+00
4.908445542387067206e+00
-4.301002776839283337e-01
-1.000976165593004064e+00
-3.607366814446488767e-01
4.731978596312307772e+00
4.798212920252014513e+00
4.815774513152735636e+00
4.793506894488018588e+00
4.686918859064891585e+00
4.771609020197860040e+00
4.468424145608181242e+00
4.743677047849133466e+00
4.795496360018493220e+00
4.788238571051267378e+00
4.833691453968189222e+00
4.716707804968770290e+00
4.747887348218602810e+00
4.872462632907836877e+00
4.899610603290636135e+00
4.937710627306499234e+00
4.819644090373545353e+00
4.818213968291388483e+00
4.643822587206615893e+00
4.330777137645435815e+00
-6.650506904728190616e-01
-1.446905972673422358e-01
4.764581623169794611e+00
4.908305401676730462e+00
4.951991941805166775e+00
4.848155838737103984e+00
4.707161120202942861e+00
4.809801070262990308e+00
4.894966423449920612e+00
4.821564170221279255e+00
4.859018135891464141e+00
4.605729957560748211e+00
4.833491018395425165e+00
4.868454216894484432e+00
4.886920291827791196e+00
4.865339237227534142e+00
4.820050222213795088e+00
4.882972447790138837e+00
-6.263823573882740803e-01
4.913040335927457036e+00
4.874526342632711007e+00
4.816483375641879228e+00
4.787749970242312081e+00
4.873699363111210658e+00
4.810834507020532058e+00
4.791558790707023618e+00
4.829116254956458576e+00
-8.667360021934875647e-01
4.901208854117854230e+00
4.944865160191345588e+00
4.828110946929566438e+00
4.923206992349214772e+00
4.907178407775552031e+00
4.924022769769323737e+00
4.918456111399088115e+00
-8.431986014588015443e-01
-7.809267704395876919e-01
4.840981461557014143e+00
4.559907021268179150e+00
4.895257898240944705e+00
4.886873370127081451e+00
4.703714229527356849e+00
4.908200642956632720e+00
4.870716401116035321e+00
4.805976753260594592e+00
4.793448880719347827e+00
4.735987915927124092e+00
4.805467762605550419e+00
4.648776319687477177e+00
4.743765641117320797e+00
4.825478023032589547e+00
4.800898184405834712e+00
4.870795905723065644e+00
-4.572083460635207874e-01
4.836550521212229725e+00
4.888675696932565984e+00
4.919167431590907746e+00
4.725373554265310361e+00
-6.163561218669426633e-01
4.931713520509759974e+00
4.901390620333071269e+00
4.694375287952444964e+00
4.936869849615330708e+00
4.657880953556707837e+00
4.764858788070301721e+00
4.667338381295811800e+00
4.907741506436869905e+00
4.867667221635077368e+00
4.851673033457100104e+00
4.868715401530150366e+00
4.810506012262780295e+00
4.752834968540307514e+00
4.812637265782176321e+00
4.767682036871532247e+00
-3.811576798405318378e-01
4.866761525081393813e+00
4.633137302216492337e+00
4.745905602628809561e+00
4.735769326377783806e+00
4.894169511812318518e+00
-7.284563083156445629e-01
4.720925502477686386e+00
4.725937522120112533e+00
4.649023753023385552e+00
-3.416473437066969154e-01
4.890315824696291003e+00
4.876178523379513408e+00
4.652483596838829172e+00
4.858225159025987949e+00
4.721614526342907681e+00
4.730636516942917424e+00
4.846308518182532943e+00
4.714031926794852723e+00
4.889442155529594380e+00
4.684361318485787073e+00
4.771280146262732558e+00
4.803478815223025222e+00
4.576571432013748719e+00
-8.477583014410768891e-01
-8.082292860887192454e-01
4.765098243046489657e+00
-5.679683142169749122e-01
4.872948170852852812e+00
4.850151331313933056e+00
4.837970302567148551e+00
4.781829708315223471e+00
-9.783335613446685342e-01
4.845914507951215811e+00
4.716284017489062563e+00
4.654890682737308438e+00
4.857492316261703635e+00
4.805956671895482479e+00
-4.285634623921364961e-01
-8.967140329769631713e-01
-4.385777469005734952e-01
-4.184590537764277807e-01
4.357535597875418887e+00
4.545007963548957974e+00
4.575576431767251151e+00
4.713576927698817975e+00
-7.952518555125132060e-01
-4.905146031349404412e-01
4.877797746659007672e+00
4.696738146407569481e+00
4.865026724216924947e+00
4.792391010513917138e+00
4.730077228576092807e+00
4.858545879603212825e+00
4.825363108476300233e+00
-7.463441896142530840e-01
4.557824330547621372e+00
4.755252817421345313e+00
4.235378971279869731e+00
-2.918001275751924695e-01
4.597442144615085269e+00
4.754061711012689706e+00
4.425377702159710047e+00
-1.151247366465717903e+00
4.817742631986078550e+00
4.656006285083728713e+00
4.819918684322291647e+00
-2.769444323129278684e-01
-5.375889414967839341e-01
4.832041300723916244e+00
4.662290305304429339e+00
4.696682251000753539e+00
4.743643143704872500e+00
4.737220614347097403e+00
4.317409877867735446e+00
4.482449489035404078e+00
-3.707125999423946938e-01
4.786596116811692170e+00
-5.601237916563039931e-01
4.601336303952097140e+00
4.673933836088083105e+00
4.766300144250427806e+00
4.788977929630970465e+00
4.636092926715701168e+00
4.585111302850011228e+00
4.743411895371304254e+00
4.702348281062230129e+00
4.506903846422991577e+00
-4.289290826632933262e-01
4.571255273349345671e+00
4.613910138770036085e+00
5.647303125445176875e+00
4.311667969386917321e+00
4.867777984758438592e+00
-3.484939077220822190e-01
-1.556951057363329838e+00
-4.123264263721395650e-01
-2.349471627528161299e-01
-5.686791468813888750e-01
4.670577077126425891e+00
-2.351210742922206220e-01
4.867086166663801450e+00
4.545369247166826554e+00
-9.836320445702798621e-01
-8.597421397899651652e-01
-2.528688026603664873e-01
4.845764747778028791e+00
4.647352368641380238e+00
4.698395330741863773e+00
4.662217671295586285e+00
4.803176324493803051e+00
-8.509355520721280097e-01
4.768015509957918674e+00
4.801005628876067632e+00
4.761528019337514017e+00
4.879265918363778098e+00
4.850650102880806003e+00
4.019621912516644358e+00
4.559505683781537755e+00
4.736243044710805705e+00
-3.518701659549601235e-01
-1.016793814424678422e+00
4.727719205178830819e+00
4.610555375506393716e+00
4.702153884509160164e+00
-8.486670711125627875e-01
4.759279791742764942e+00
-2.198627689346684955e-01
-2.789703864556375423e-01
4.859207654153256506e+00
4.881848601935112164e+00
4.697038773517124177e+00
4.836007792375568215e+00
4.660409111538896809e+00
5.778542491998424069e+00
4.256951332587235015e+00
4.553716712422071211e+00
6.511507555956722371e+00
4.804496938828535235e+00
6.359573439127317318e-01
4.883744615815048817e+00
5.694794319849771469e+00
-7.993737897336326004e-01
4.603339160103020689e+00
4.871592295902654968e+00
4.786793257140194768e+00
-3.132525446273735081e-01
4.923349433714161449e+00
4.903490919071911591e+00
-9.129216099660827366e-01
4.828340151938277813e+00
4.757978451370043160e+00
4.795433759785865391e+00
-7.791109017682477100e-01
-9.210695664646399994e-01
3.542417316378475789e+00
-7.526774260110944414e-01
-4.167123516988961995e-01
4.491368639484791814e+00
4.565149535356077592e+00
-2.229112062137774686e-01
4.871685334804704226e+00
4.382520827661888774e+00
-4.397653595206404420e-01
-2.730596906670748059e-01
4.898385415773578444e+00
4.863083899527478771e+00
-5.785835885541261714e-01
-4.807380148928859231e-01
-1.985553738213353681e-01
4.855764430079158700e+00
4.898140087661047914e+00
4.709497609998566148e+00
4.648431695276848963e+00
4.912931055736260433e+00
4.813298629606151735e+00
4.775292361333841384e+00
4.858793377254937873e+00
4.842138263034091672e+00
4.772228146456550135e+00
-3.136362558753269525e-01
4.636463868474680616e+00
4.518213793105092968e+00
4.797606334154302488e+00
4.659163087921616153e+00
4.868609923936813466e+00
4.876552636362431414e+00
4.921235530649866519e+00
-3.817335576653864138e-01
4.880449786716199334e+00
4.802176128180303927e+00
-3.612408782793393724e-01
4.859854911639061470e+00
4.752945007549512546e+00
4.781660985161687805e+00
4.877466828789640552e+00
4.905810253491306838e+00
4.900515217563237158e+00
4.918560632055027249e+00
4.781552945294515133e+00
5.740332238090136485e+00
4.711745690879080684e+00
4.744759787905566739e+00
4.518251568981415112e+00
-2.826235439249581427e-01
4.718690974078290523e+00
4.913582497283459638e+00
4.853005553920600512e+00
4.758607062229458506e+00
4.914492040013808349e+00
4.773421380480539433e+00
4.867220435325586791e+00
4.864184205648458104e+00
-2.911610343395280021e-01
4.884295208220327034e+00
4.919409740045113111e+00
4.840962191998332997e+00
4.924000396416684744e+00
4.732293554767219135e+00
4.922157987924248523e+00
-4.201663404270400415e-01
4.805302143820878058e+00
4.872475338359940622e+00
4.902912518347871895e+00
-4.101219873587031994e-01
4.913980039685228896e+00
4.873781654328450230e+00
4.832640969740102932e+00
4.850578954370098117e+00
-4.452550339465656259e-01
4.871972279356359792e+00
4.827004192652458059e+00
4.896874717857307324e+00
4.861243236002665391e+00
4.833028640477908588e+00
4.818035719402189443e+00
-3.393339714889092029e-01
-4.811467215621936244e-01
4.894712475311154165e+00
-4.615314678000161930e-01
4.826179994801245599e+00
4.863454006926102302e+00
-4.263542175371773935e-01
4.782643163930089258e+00
-3.502726902891475369e-01
4.927150404022723862e+00
4.870381365666240470e+00
5.842924029151417287e+00
4.896572443717420065e+00
4.900174083889793586e+00
4.877381616131561515e+00
4.834022801771302724e+00
4.855247254272631707e+00
4.888884468260183525e+00
4.911249706766236400e+00
4.877765854656697542e+00
4.879206286864029352e+00
4.898086105141238100e+00
4.632808819206328366e+00
4.900926626334266345e+00
4.892917737951107071e+00
4.873304296440025496e+00
4.874850620507589660e+00
4.848857246531167675e+00
4.864512879651053723e+00
4.779003022454071825e+00
4.896521193867235944e+00
4.875951160763272618e+00
4.776254124069435392e+00
4.884421009670925962e+00
4.918426607864502031e+00
-5.046245892829759327e-01
4.841527436206016333e+00
4.673270047337620525e+00
4.866852222348367007e+00
4.890888431535410419e+00
4.899936930888305398e+00
4.901966270312654750e+00
4.825886051613863970e+00
4.908974459134999968e+00
4.853101717468032206e+00
4.898934638871672576e+00
4.870405396938940257e+00
4.882659330367362216e+00
4.908202207329018130e+00
4.830287803109733602e+00
4.896002079966208065e+00
4.908995677586732498e+00
4.866027633540614517e+00
4.874574712467236282e+00
4.769812247995011134e+00
4.873710647906463578e+00
4.880490821091385101e+00
4.828632929442855826e+00
4.848233687933450220e+00
4.893871152201347385e+00
4.910040995282669130e+00
4.807430687563362781e+00
4.829921979162506318e+00
-5.813219540566220145e-01
4.904995228497980975e+00
4.887086241253407515e+00
4.860400838279726798e+00
4.846001966056536325e+00
4.887313587572224449e+00
4.780372230969160974e+00
4.790122972071180207e+00
4.884376019612861164e+00
4.882827603802902594e+00
4.909229548350741545e+00
4.908179152182031935e+00
4.907310216389850765e+00
4.846451175219162799e+00
4.859048516785222205e+00
4.909407555605248774e+00
4.904991972186978799e+00
4.893826014222205423e+00
-5.152120738400771671e-01
4.950072107486802153e+00
4.858410192629569302e+00
4.813150373663955151e+00
4.920024574133498696e+00
4.906863299798185807e+00
4.894394258380118323e+00
4.893740310314488973e+00
4.909131376689150450e+00
4.898245145553659086e+00
4.906316614984706170e+00
4.871177436180781584e+00
4.915796910008526588e+00
4.910113168945438034e+00
4.884511877551862113e+00
4.884932501633014290e+00
4.906141529862463102e+00
4.828850879209635849e+00
4.908803657119918284e+00
4.924238805751815384e+00
4.893810998320132555e+00
-5.479414820703307765e-01
4.811000204854218865e+00
5.818033779652266979e+00
4.893067254090081697e+00
4.898287642043378298e+00
4.879039206485439095e+00
-1.521452016325550716e-01
5.861791066558503793e+00
4.814342640024698916e+00
4.899423478775505103e+00
4.881312610165387866e+00
4.892558577267237752e+00
4.844383974216734501e+00
4.896009852593939726e+00
4.803728867120345747e+00
4.769344351089203293e+00
4.837805501691974541e+00
4.926256522014391237e+00
4.912640934949187077e+00
4.909340850334859674e+00
4.907151685471282221e+00
4.918477547234347824e+00
4.724351171672952709e+00
4.750704585228652022e+00
4.881448355447776777e+00
4.924926782413120208e+00
4.887515467338301889e+00
4.929862323196795515e+00
4.902933788094052225e+00
4.864841292814492846e+00
4.919342781094116823e+00
4.929971611609212268e+00
4.911399915290043161e+00
-3.594091301906594538e-01
4.913939631018171994e+00
4.883399834771579684e+00
4.883800698434022536e+00
4.938389459636665535e+00
4.871593870905751800e+00
4.874331478250971905e+00
4.912357734463776993e+00
4.846128485927255092e+00
4.883636033320085446e+00
4.886086422572393673e+00
4.895750855150184933e+00
4.795194317509544391e+00
4.890234440810928618e+00
4.879819268255285891e+00
4.904787427888596341e+00
4.849255996572471972e+00
4.864264517408466659e+00
4.875394790038486192e+00
4.918811700672979015e+00
4.870788830116332235e+00
4.890739449125423910e+00
4.873169591573755177e+00
4.881786674081691757e+00
4.920698800560636244e+00
4.852611136478977016e+00
4.858172801012373476e+00
4.912764005462035399e+00
4.895546124540638644e+00
-5.509739192372666849e-01
4.888784774708433645e+00
4.907666606174513113e+00
4.876295579111614487e+00
-4.623874345564051858e-01
4.926408826397208784e+00
4.861798578171592666e+00
4.904997025990483372e+00
4.889993129851703202e+00
4.916500460750992119e+00
4.899607466345591078e+00
4.872126779656443141e+00
4.897608791828854891e+00
4.866192474321600514e+00
-6.957401019092660510e-01
4.919156358242959826e+00
4.905775052775387834e+00
4.741639986180429034e+00
4.908265070816754339e+00
4.910036313443013611e+00
4.906686552907714827e+00
4.884402457631849437e+00
4.884472253571884082e+00
4.851017784716201042e+00
4.893084023815927885e+00
4.855110471027398233e+00
4.884212416082936770e+00
4.843108952904505493e+00
4.912606592793323124e+00
4.944398574297364846e+00
4.934763767710383497e+00
4.905012319574943547e+00
4.867265372320304095e+00
4.826580737641480212e+00
4.934419926953849789e+00
4.905825456549111507e+00
4.919242790985245861e+00
4.836288531226449194e+00
4.888579872328352671e+00
4.897874943227810363e+00
4.902007376077706979e+00
4.904458962928371690e+00
4.950709981279656446e+00
4.901291269945504681e+00
4.923384474422046964e+00
4.891229915355848057e+00
4.898449616157184217e+00
-7.349985209147779086e-01
4.845086517545442284e+00
4.882548207111877758e+00
4.915124185333230145e+00
4.874868825338920963e+00
4.924337075747184045e+00
-4.952345402482987158e-01
4.840919436592624692e+00
4.847469373337919052e+00
4.851646403221341330e+00
-9.912203080069892369e-01
4.879911830496635794e+00
4.856067545853162137e+00
4.907052615335789625e+00
4.898146671916718375e+00
4.894855899854384518e+00
4.849769497285879361e+00
4.903905257967748454e+00
4.835760106601961539e+00
4.776094271420442183e+00
4.892158983374412351e+00
4.879157377601886836e+00
4.900720169745381938e+00
4.896463235040306117e+00
4.903130515789470678e+00
4.901590406635630615e+00
4.942125004535939503e+00
4.913290354286717232e+00
4.900789161729459664e+00
4.812501264800019385e+00
4.908629310964746750e+00
4.833288432710279636e+00
4.930317512886707831e+00
4.840027748539815988e+00
4.936543797167535885e+00
4.913720750274483962e+00
4.822483970788406182e+00
4.888408050778970448e+00
4.749678067168966678e+00
4.923051742269199949e+00
4.920394832459045631e+00
4.927015168036151138e+00
4.826650398040628787e+00
4.825355162640515339e+00
4.894211136522885752e+00
-2.595556138661042622e-01
4.852131106140065597e+00
4.843305081602482964e+00
4.956381159221505683e+00
4.886083447176194028e+00
4.920091299841294230e+00
4.927250624970099580e+00
4.909387793213096707e+00
4.927969540669700166e+00
4.937589252116321603e+00
4.891819390107507104e+00
4.861370422477087949e+00
4.892493690734110778e+00
4.923426907154226484e+00
4.895186625211868758e+00
4.934655411164744265e+00
4.884469734964953958e+00
4.787160115196864574e+00
4.910192282535275510e+00
4.910176391054303480e+00
4.832837410013031132e+00
4.844097577554812517e+00
4.961072668435122068e+00
4.941962383666901104e+00
4.934393375614404498e+00
4.957753867408142057e+00
4.906793729797390924e+00
4.952202584938651064e+00
4.932248281812955604e+00
4.868414851748879002e+00
4.845688429653836060e+00
4.891054310593142773e+00
4.961131935541747140e+00
4.907670254461397263e+00
4.887722803827534435e+00
4.928885474367013408e+00
-3.810040502446000454e-01
4.932600375106405366e+00
4.847750178892490602e+00
4.885823123316221483e+00
4.850850132931149084e+00
4.905339690413271114e+00
5.822984946607132173e+00
5.838522476695089836e+00
4.860578518918344137e+00
4.892113306618746549e+00
4.923222252476135097e+00
4.861776710450619987e+00
4.953646662608161222e+00
4.933711400124265012e+00
-4.772857165829053061e-01
4.950350659639495277e+00
4.947759297788147492e+00
4.912500382965442114e+00
4.917526117256321605e+00
4.926390283098960765e+00
4.910557309249545810e+00
4.874285820806200320e+00
-5.190922767469348109e-01
5.868827059471151131e+00
4.908610111262823317e+00
5.866088736812161031e+00
4.928400162495833570e+00
4.876682890528930336e+00
4.924723679820687039e+00
-5.466110166085524913e-01
4.940614217296319666e+00
4.895561722001652072e+00
-8.970606010295500976e-01
4.946314021413119377e+00
4.890111851089751660e+00
4.940270665660424498e+00
4.932579581372474209e+00
4.874677381910874630e+00
4.919265355448749766e+00
4.865273790226543937e+00
4.922709378274067404e+00
4.896661165043363795e+00
4.905464273218809623e+00
4.877554832185464484e+00
4.866885412202851313e+00
4.941332859905657848e+00
4.942158353749627864e+00
4.886335379425135628e+00
4.891368921401006986e+00
4.915875599242911953e+00
4.957728992559085057e+00
4.894320582123299346e+00
4.923684643457132637e+00
4.908193310294636902e+00
4.917374622022897768e+00
4.839039557744428066e+00
4.891064533418544080e+00
4.913055273149222302e+00
4.961448994976032978e+00
4.859013017683922797e+00
4.862801871033664902e+00
4.938974119605746615e+00
4.850875189168581514e+00
4.872061661898350771e+00
4.852459270088985477e+00
4.904625524040108431e+00
4.900806517708947041e+00
4.876314461788011201e+00
-4.619627866307974839e-01
4.926038470476619580e+00
4.938539572626618579e+00
-5.163435920085002184e-01
-3.771028927412797271e-01
-5.572192206608821419e-01
4.894768108944280272e+00
4.919217927247792055e+00
-7.287224186479928090e-01
4.895660409517541112e+00
4.911771909932246771e+00
4.970315679409521792e+00
4.913005755735571967e+00
-4.911502434198947720e-01
4.924378910108782037e+00
-4.964742132893387172e-01
4.920256455724086209e+00
4.918100865999039506e+00
4.931147770677191566e+00
4.913386156976343955e+00
4.924114927124630725e+00
4.916095544536492667e+00
4.947396086520502223e+00
4.922309425465213550e+00
4.882411564434998574e+00
4.860789941996314312e+00
4.930553609574696239e+00
4.920571357858568362e+00
4.909705815853090627e+00
4.892332794200318524e+00
4.868860460509104371e+00
-4.905894778035605475e-01
4.761487255246535710e+00
4.924925250193044945e+00
4.905372441554564311e+00
4.882676178028594549e+00
4.914794732855126469e+00
4.859949205817540197e+00
4.938840911639976738e+00
4.898703023944029233e+00
-8.674850696460786326e-01
4.828170005356985151e+00
-4.695218433648179479e-01
4.959569491304534061e+00
4.921260673902670746e+00
4.920681529872320326e+00
-7.749056428787201023e-01
4.922590566320921290e+00
4.928488826573493853e+00
4.904888516550707678e+00
-7.488341064657504376e-01
4.912747049816874600e+00
4.889113002396455521e+00
4.874843751978477968e+00
4.927093673522422890e+00
4.931454275285142685e+00
4.912835587868844556e+00
4.902043707362696345e+00
-7.762700808689888543e-01
4.927627586191770881e+00
4.908067725201599174e+00
4.896380757383381521e+00
4.932803814651279595e+00
4.903508338065097227e+00
4.929346999750090497e+00
4.922266264732681584e+00
4.919609589448935338e+00
4.868712646562316060e+00
-3.831252083680989351e-01
4.934218303806165551e+00
4.896151865831116723e+00
4.724064544353990591e+00
4.945107805927981381e+00
4.920014238404777807e+00
4.901929316037886508e+00
4.910311629398515620e+00
4.886034428543089447e+00
4.906925717575866486e+00
4.855375969032264649e+00
4.925056965504883699e+00
4.930355528376341390e+00
4.930285040859823553e+00
-5.140146519539932068e-01
4.962225407517958153e+00
4.901066577255216217e+00
4.893584589238665572e+00
4.948306267274435122e+00
4.852576879923372388e+00
4.913091247603297518e+00
4.925416807453338208e+00
4.946230996299776805e+00
-7.472905943105059290e-01
4.915575444991601373e+00
4.890751310920371075e+00
4.879048356442227785e+00
4.918904152873484037e+00
-5.103984745245904175e-01
4.900765003072481640e+00
4.914459623484394690e+00
-5.111665485876476511e-01
4.899270294214664645e+00
4.871360811610581543e+00
4.918072430892658886e+00
4.930315907717117696e+00
4.921760927551970255e+00
4.938256984525218662e+00
4.906610016107734396e+00
4.829228564081962105e+00
5.878717105208654203e+00
4.877885779539620437e+00
4.882530317117973695e+00
4.945800638244532976e+00
4.891094512417589968e+00
4.880155924103871889e+00
4.927737121127478304e+00
4.804836184188206794e+00
4.918350213964281181e+00
4.858055844759768149e+00
4.878763677621393846e+00
4.751841166113754511e+00
4.854038433497056104e+00
-4.790754631558471477e-01
4.920558451270642841e+00
4.852813484894729967e+00
4.934355217139879457e+00
4.915318006676184126e+00
4.832417360192056144e+00
-3.884581948073139168e-01
-6.752864639957338877e-01
-5.766925935915538926e-01
4.913298154992491007e+00
4.874961855887147699e+00
4.919683367702202936e+00
4.877574618469514789e+00
4.917039592905888767e+00
4.873942928335504909e+00
4.854218374679019732e+00
4.900613378883283744e+00
4.882809982223758283e+00
4.881892581425402611e+00
4.902464321180208806e+00
4.858825110639179101e+00
4.880695496589188664e+00
4.830238854928959213e+00
-4.817282368113346980e-01
4.912237377758494006e+00
4.868896331241308495e+00
4.900646571082621250e+00
4.873675846616587037e+00
4.880246246633637597e+00
4.913912809501102430e+00
4.898986017333670340e+00
4.911400635521640190e+00
4.909084056375322191e+00
4.933415802860066535e+00
4.885189366742449302e+00
4.925533352437494905e+00
4.926922616040236846e+00
-4.803283015755895891e-01
4.880548342565594666e+00
4.905258800027199051e+00
4.878927133400253524e+00
4.928672492086688450e+00
4.919022721612183346e+00
4.871383667488567326e+00
4.903231703575326783e+00
4.736936556919658869e+00
4.789548513286463916e+00
4.849261507611435817e+00
4.903647857599215065e+00
4.904310587197134197e+00
4.851392611285203493e+00
4.951663458081222657e+00
4.872717040196073768e+00
4.870956378875261450e+00
4.880371371918778678e+00
4.904894133418453706e+00
4.916699038470888183e+00
4.925509516320319747e+00
4.863349456519788561e+00
4.858178216840585151e+00
4.927889445267648050e+00
4.890742404789106601e+00
4.919994706928370931e+00
4.907093557020099084e+00
-4.884819125343990986e-01
-9.268521482324981742e-01
6.832033729410985856e+00
4.919394352268067649e+00
4.856546207823328132e+00
4.860844330599943142e+00
4.911007038294020077e+00
-3.627873137665180714e-01
4.901759445619864763e+00
4.864412008800112375e+00
4.793287077089400050e+00
4.863403582828539129e+00
4.823458857722865645e+00
4.865170489199900139e+00
4.939807771052058705e+00
4.936547687437333742e+00
4.916166504345023114e+00
4.904345137740184768e+00
4.774085425716680042e+00
4.898931656500018050e+00
4.868153539425829734e+00
4.857119596168725906e+00
4.796092173295287253e+00
4.891268458824104215e+00
4.870549782739034050e+00
4.890714400841796206e+00
4.952134974765824538e+00
4.870891585645370725e+00
4.811427065287132265e+00
4.931221780725173254e+00
4.893707224538268008e+00
4.949475009749189525e+00
4.918720837770959697e+00
4.902833967202582244e+00
4.892399222611725662e+00
4.934398484664082929e+00
4.899669127880596164e+00
4.925241759644795714e+00
4.911529590838747517e+00
4.905210214636820609e+00
-1.177765414391191978e-01
4.892233125169056507e+00
4.906486623394119562e+00
4.901691294573650381e+00
4.822195492848917020e+00
4.924372585010607040e+00
4.910398398622412230e+00
4.922094076829713671e+00
4.858351684229661238e+00
4.884335338563475126e+00
4.894193291112365785e+00
4.919774428039263015e+00
4.866512845079398630e+00
4.962490896673925178e+00
4.861347423196969331e+00
4.913033321758618399e+00
4.917789270769583609e+00
4.904446573974496459e+00
-2.016987498824109881e-01
4.839423403255417533e+00
4.913143376262787854e+00
4.889806761025197623e+00
4.880832253978800495e+00
4.922727233909677480e+00
4.907418791449593698e+00
4.885489899286366011e+00
4.911325633344416630e+00
4.862575405255737060e+00
4.910126805565036001e+00
4.917771433933224579e+00
4.930434670185846358e+00
4.885038263902192313e+00
8.331673614751975432e-01
4.863285943424708435e+00
4.886766224298662920e+00
4.891804358978856904e+00
4.930305408078223373e+00
4.920785992896472116e+00
4.889637091419157144e+00
4.886602818452051800e+00
4.908544279745894912e+00
4.905077802082278282e+00
4.921271893548221144e+00
4.931414526918057817e+00
4.899158374284271922e+00
4.932673559448448763e+00
4.931075550415346065e+00
4.905263349014556518e+00
4.890467684011111871e+00
4.904866585531339140e+00
4.945576348798457644e+00
4.937701598455279672e+00
4.862982191673318688e+00
4.934717798876135930e+00
-4.066076315143630771e-01
4.837354220694469298e+00
4.868831615257350087e+00
4.946050703905617851e+00
4.924416252234006031e+00
4.886486644473056806e+00
4.898698902908164676e+00
4.906979453954043890e+00
4.931322438236080075e+00
4.924036424630955366e+00
4.910692187756328764e+00
4.879407829240328454e+00
4.894522188814181440e+00
4.947133670741086675e+00
4.932294905435314902e+00
4.896623715267004684e+00
4.894310720805458814e+00
4.890751928028667095e+00
4.905673217571745681e+00
4.933754190713119492e+00
4.829854352085391156e+00
4.894598411855516140e+00
4.968728425321883080e+00
4.825621275079701178e+00
4.916208155774165256e+00
4.901225531791075340e+00
-1.856069587006424770e-01
4.886250677391624109e+00
4.914781381828941420e+00
4.897700790997586928e+00
-3.603028031845139090e-01
4.910594685963462602e+00
4.886945609523870360e+00
4.863111457403458182e+00
4.902564290551255866e+00
4.895409186137611890e+00
4.895783442706052924e+00
4.856484860503783807e+00
4.897474353860598484e+00
4.812210771828191014e+00
4.915579209514545411e+00
4.916149866524701650e+00
4.914298233989859099e+00
4.904150294336217186e+00
4.956920453968538531e+00
4.891882344153511752e+00
4.902385882804945361e+00
4.905409813805915675e+00
