-6.639449119013485223e-01
-6.144361961940321137e-01
-1.140766787943332528e+00
-1.294448135589882476e+00
-7.814629993421924326e-01
-1.334329348949843119e+00
-6.261921772673642028e-01
-1.231048627722582944e+00
-1.500960729184471987e+00
-2.881613324970003220e-01
1.024633289771958444e-01
-1.149207063676714186e-01
-1.432118649941035660e+00
-1.347286528352509838e-01
-1.259441064491355622e+00
-1.127913276431129264e+00
-8.306432525310656345e-01
-3.783072622999936185e-01
2.991211185150490989e-02
1.531510303045910404e-01
-1.794792087348464904e-01
6.774500915828755854e-02
-2.353235408741495838e-01
-8.093708916551256571e-01
1.567461704347730966e-01
-1.518145157762587349e-01
-1.918410167090144891e-01
2.716738185039496156e-01
2.296678422296978550e-01
-8.398327382682533315e-01
-1.266962884746805962e+00
2.267608576309034507e-01
-2.538696899335328161e-01
-7.426708673380386094e-02
-7.640707698466169262e-01
5.862275847974945248e-02
-1.204604347802259889e+00
2.777187874193593475e-01
-1.227362096996446328e-01
-3.511100370189770281e-01
1.153180733248455325e-01
4.421761521271173057e-01
-2.101367777384999247e-01
-1.262618859825188344e-01
-1.489234735484004535e+00
-3.911828922081201920e-01
2.341947070965839373e-01
-1.206181368648292729e+00
-4.043028917291807689e-02
-1.048715611279600265e-02
-2.138606654013264774e-01
-9.211121954373528709e-02
-1.421768185851645383e-01
-3.090495730746565251e-01
1.499565216645636634e-01
-6.217429372379000840e-01
-3.179249726668301745e-01
8.727045511630533714e-02
-1.378393653507655303e+00
-1.269734015089441226e-01
1.029560221608197268e-01
1.813552559698823619e-01
-3.677401748741726539e-01
-1.381789642188906431e+00
1.975250394297269896e-01
-8.623877004746705044e-01
-1.410016388733924264e-01
-1.143325008826312217e-01
2.289568700408378121e-01
-4.483072856789045019e-02
-1.341202174096376654e+00
-5.093065525212376113e-03
-9.347688775413757201e-01
-7.633591736529699023e-01
-4.772191495399048522e-01
-8.304814066706033282e-01
-6.040860491836408386e-01
-7.044564901364998022e-01
-8.235046746367838955e-01
-7.463889102270804266e-01
-3.406185469351065143e-01
-7.667207592618835443e-01
-6.709145161485110531e-01
-6.081236359291266602e-01
-8.525913873628651052e-01
-7.518297592308065269e-01
-8.229772266034125483e-01
-6.863442035855692458e-01
-8.339284002382594263e-01
-6.180557180457287858e-01
-9.741999448570825004e-01
-7.892195931562715483e-01
-7.956051454698962466e-01
-5.393680736387028718e-01
-4.912888096439473884e-01
-8.744019855971503219e-01
-5.253366399785832641e-01
-8.261436161636803721e-01
-5.917600177858044486e-01
-7.821208227327289819e-01
-6.226098584838271055e-01
-3.977665586849845614e-01
-8.531115380015616978e-01
-8.512794047328515745e-01
-7.303394236876226131e-01
-5.392908060018278826e-01
-8.685023140721908064e-01
-6.510727448812760887e-01
-8.259065501515314711e-01
-7.623026784931636879e-01
-8.272955333018109370e-01
-8.616481610740791552e-01
-7.337324069225725776e-01
-6.726673128552969061e-01
-6.963615731369479089e-01
-8.736220418230912221e-01
-4.321542573172075796e-01
-3.768352395497037710e-01
-2.986867197630825865e-01
1.306031565046906806e+01
-9.277558161128254266e-01
-4.521137463708073678e-01
-2.204662497663115728e-01
-4.020815030852074035e-01
-4.053060713539625715e-01
1.308654746843927441e+01
-2.052999507592958572e-01
-5.680128312533658796e-01
-3.900868746720701496e-01
-7.412600654212451179e-01
-4.134089491263843730e-01
-8.334430523023381721e-01
-6.383573520417756830e-01
-3.050706862044563206e-01
1.303174451628049724e+01
-7.402950469595617200e-01
-4.294918594423373648e-01
-3.767614090500469581e-01
-2.346144411729471635e-01
-4.883511839270109345e-01
-7.182165310431558591e-01
1.303864535066127139e+01
1.309106766894001517e+01
-1.471304412480871626e-01
-8.201275910382301859e-01
-8.052652535126337829e-01
-3.213373723560846162e-01
1.304825505689258769e+01
1.306196181429122660e+01
-1.820565739432480346e-01
-3.800686960919282820e-01
-1.726201718462099244e-01
-4.357989693687979171e-01
-3.634746417141403452e-01
-3.499705545487077352e-01
-3.132540067756177660e-01
-3.933540835372228983e-01
-3.186548752384299465e-01
-3.913121420040802656e-01
-3.656138924556560088e-01
-3.748075914717587942e-01
-1.867810106798908354e-01
-3.349447291805837112e-01
1.306797639082333085e+01
-3.792143228446877012e-01
-1.973423333605173191e-01
-3.749812544249316870e-01
1.306911995666758131e+01
-1.738903645346191462e-01
-3.918429724385535939e-01
-3.946711508948622660e-01
1.307527679800163867e+01
-1.691248482962435240e-01
1.310226777785811692e+01
-4.051265483276546009e-01
-2.134623203064573982e-01
1.308992872105324956e+01
-3.292965791235049622e-01
-4.190223525190116538e-01
-1.586130380786189953e+00
-1.939064390087886114e+00
5.586530111613722260e-01
-1.060635493417843300e-01
1.120820826138479442e-01
-3.747401939590470632e-01
-5.076222871832272165e-01
7.043597927198063102e-01
1.303699429183559921e+01
-1.194609592673427922e-01
1.303304970834641807e+01
1.304571425715522892e+01
-2.127542620048807898e-01
-2.004511224673227732e-01
1.303781021308784638e+01
1.304132215620842672e+01
1.305973628224475114e+01
1.306902890838359355e+01
1.304739112199175821e+01
1.304879925101074178e+01
1.304035972437518787e+01
1.304403142923088232e+01
1.304611040379742803e+01
-4.102893021441179622e-01
1.303322225496486553e+01
-4.132170530230435679e-01
1.305353424463478618e+01
1.306995239730241387e+01
1.304061545081036755e+01
1.304103147540032026e+01
1.303464572047507808e+01
1.309970798425277394e+01
1.304174607820132792e+01
1.305043609940606864e+01
-4.156015643976548324e-01
-3.790018939074434323e-01
1.301797691042713723e+01
1.304565744394702520e+01
1.305779944225196054e+01
1.304266953748113878e+01
-6.849140400657360850e-02
1.305812447666161802e+01
-4.120256970221030102e-01
1.305605516184686721e+01
-4.224312196299438993e-01
1.303559547644518091e+01
1.303407563760261922e+01
1.407185104981177837e+01
1.304382326725579944e+01
1.303254533281247873e+01
1.308631814607814370e+01
1.307936830686325180e+01
1.303736731118234715e+01
-3.573400483600599475e-01
1.304347798304304540e+01
1.304963681893774741e+01
1.303702125833361336e+01
1.306923260785698027e+01
1.305936894073670018e+01
-4.197047522023974464e-01
1.308560938717243260e+01
1.305594220540519323e+01
1.306520149102388828e+01
1.405943014156218673e+01
1.308615528751971446e+01
1.305952611379406747e+01
1.303377559299387656e+01
1.303669268809010440e+01
1.304818145406779806e+01
1.305010722293347492e+01
1.303696947339454226e+01
1.303303858835692175e+01
1.306782843032384989e+01
1.306200755548850978e+01
1.303709163952998829e+01
-4.239348176010551139e-01
1.406794952907363871e+01
-4.042319962331158978e-01
-4.543455158132994054e-01
1.308133682910276363e+01
1.300583215888952893e+01
-4.109315518575603621e-01
1.306320521224425590e+01
1.306180847674390932e+01
1.304578100669691665e+01
-3.640653333104438838e-01
-3.762994030470486750e-01
-3.893416481918733352e-01
1.305775593200849016e+01
-4.499395588924300915e-01
1.306323947481547521e+01
1.308261253678913150e+01
1.303743982760295594e+01
1.403741486333946398e+01
1.309482047805169813e+01
1.304689270973766568e+01
1.306687979037321412e+01
1.304646503448142880e+01
1.305139937452761068e+01
1.404879032648491943e+01
-4.259167702459462079e-01
-4.176556657463619260e-01
1.303973168524887072e+01
1.304874100057931763e+01
1.306826257461399088e+01
1.307731801623500090e+01
1.306161359889605045e+01
1.304083391470612341e+01
-4.404309392444035742e-01
1.306267188571458426e+01
1.305700034308470769e+01
1.308093430003081536e+01
1.306997263709183699e+01
1.308575831412771429e+01
1.305429272704292742e+01
1.307541453327215564e+01
1.305801088399176635e+01
1.406260182131579128e+01
1.306394394985733953e+01
1.304324000730771971e+01
1.308008396503795545e+01
1.307465103048915722e+01
1.306925796955528440e+01
1.308817893661610476e+01
1.309173534144817275e+01
1.307991103205016081e+01
1.306234272318474865e+01
1.307974979818795624e+01
1.307256062396522722e+01
1.306422928788503235e+01
1.304465186670742938e+01
1.308151187715724717e+01
1.309808793044236452e+01
1.306976665842215013e+01
1.305729306376636423e+01
1.304385476132769028e+01
-1.064101587105431568e-01
1.404482284103511702e+01
1.308260577382126399e+01
-4.250736308238032279e-01
1.306016376012971847e+01
1.307565224382563684e+01
1.306930214787032796e+01
-4.518221966922538746e-01
1.307608523005263379e+01
1.306717717372461429e+01
-4.198636752241662329e-01
1.307230390714543766e+01
1.304964883314819701e+01
1.306826254025791378e+01
1.305966268909177330e+01
1.306545525495774207e+01
-3.958721617480385202e-01
1.306106115379900778e+01
1.307337992045414055e+01
1.306712733206097177e+01
1.307507979856363178e+01
1.309776674184830725e+01
1.308252729232644640e+01
1.308043224778217350e+01
-4.196403189903332720e-01
1.308031387754219033e+01
1.307057668637154357e+01
1.305799028102952875e+01
1.303416198239964530e+01
1.309073550842314404e+01
-3.586613018863091806e-01
1.306306868116250897e+01
1.305610525391541543e+01
1.305406238653242568e+01
1.307228462095568666e+01
1.303991851412435565e+01
1.307533455124950272e+01
1.304825926488995869e+01
1.307095810735725827e+01
1.309952784527254188e+01
1.307142993560501765e+01
-3.916021388577476392e-01
-4.279028037081209490e-01
1.309714656351050621e+01
1.305655167057684629e+01
1.307850544240051782e+01
-4.224303052631779298e-01
-4.041029313911498333e-01
-4.141220692188710695e-01
-4.167547423914669258e-01
1.303799164615490369e+01
1.303235558584257703e+01
1.305095942840653933e+01
1.306472213222611956e+01
1.302730014333755904e+01
-4.224339510534307340e-01
1.305144444312399266e+01
1.308585986413451963e+01
1.307216464849668291e+01
-4.035932613529454871e-01
1.304448610086221017e+01
1.306880113725252102e+01
-3.599402391662279710e-01
-4.045184719455322542e-01
-4.055867087072687616e-01
1.309827565550985895e+01
1.306632341441343037e+01
-4.082412277198588235e-01
1.305995805846350422e+01
1.306031568911859964e+01
1.308513363913266048e+01
1.306110004801263713e+01
1.307896220268831478e+01
-4.018806554808430631e-01
1.305283246291406130e+01
1.307994360196940775e+01
1.306884103941317044e+01
1.306141639475164595e+01
1.306282377184301779e+01
1.306778169483645868e+01
1.305620117351015708e+01
1.309147257881905269e+01
1.305428511861795648e+01
1.305511128176102176e+01
1.305985062572389843e+01
1.305370827354165897e+01
1.307322461983295625e+01
1.306420298388302470e+01
1.306045503980630151e+01
1.304888343628284098e+01
-4.288842797161930287e-01
1.304233575169633497e+01
1.306040187635006689e+01
1.305345410938983619e+01
1.307196219448209717e+01
-3.858624163308232990e-01
1.307202221057038471e+01
1.306735373773892483e+01
1.307500971141324264e+01
1.307266649426861704e+01
1.308561489020103608e+01
1.302672263242429906e+01
1.308037222476727734e+01
1.405826690999600004e+01
1.311860574058138518e+01
1.308830008648875776e+01
-4.039079303782104891e-01
1.303349008615111515e+01
1.307085347559770838e+01
1.305532883826357349e+01
1.407409442959872337e+01
1.307366345768833860e+01
1.304639634095286027e+01
1.307029053375787342e+01
1.306374398161050721e+01
-3.694967319239620407e-01
1.308437121339387943e+01
1.308877294160395621e+01
1.306724362094809422e+01
1.307935150491832843e+01
1.305899660465857082e+01
1.305728526435907000e+01
1.303847099711192214e+01
1.307467393814124712e+01
1.307144822571527598e+01
-4.346609961085577956e-01
1.305653741687780212e+01
-3.935308602041412973e-01
-3.880887697584229912e-01
1.306948779733182242e+01
1.307804628963008398e+01
-4.418415141986737904e-01
-4.229397208408776088e-01
1.306020050586494818e+01
1.305322939215229461e+01
1.304694912454979594e+01
1.307921213874258370e+01
1.306751570955200847e+01
1.307265858239294332e+01
1.306536054170189409e+01
-8.225691896039668549e-01
-3.831663580995413598e-01
1.306350406728292768e+01
-3.826940410852770480e-01
1.305945017805784047e+01
1.304067811254013343e+01
1.308769558857801840e+01
1.304930426788384246e+01
-5.918958359554826743e-02
1.308823202806054731e+01
1.304964969772839467e+01
1.307606205253219045e+01
1.308003145184327209e+01
1.307424984152149605e+01
1.305059145462723436e+01
1.304011326303452023e+01
-8.417189021735786980e-01
1.305197709804951245e+01
1.304031907087318132e+01
1.307039999303741951e+01
1.304766662486820117e+01
1.304946026350154042e+01
1.306027310448373413e+01
1.305138157797610887e+01
1.306569205315317461e+01
1.309029596525025596e+01
1.304375503414685156e+01
1.305846329164780606e+01
1.308439504716857549e+01
1.308130986699969966e+01
1.305794924230824172e+01
1.306662509155696306e+01
1.305892043322879381e+01
-4.407878857553207963e-01
1.303267760763029415e+01
1.305633300493866855e+01
1.305420530407228519e+01
1.304679931124121950e+01
1.305417686772564778e+01
1.305351178327371997e+01
1.306094670332493024e+01
-8.778934473556070373e-01
1.308045914481695604e+01
-3.750208004916171234e-01
-5.717313948636991716e-01
1.305598479355133179e+01
1.308174776655703653e+01
1.303859102060290098e+01
1.306252512264873289e+01
-6.690488763397091088e-01
-2.156356171920450482e-01
1.305671719948535525e+01
1.305592050468589527e+01
1.307221139065387838e+01
1.306893931678456688e+01
1.306080397323511022e+01
1.308815556288113058e+01
1.307476642198149186e+01
1.307040804196603112e+01
1.305534506914320403e+01
1.306562510027274371e+01
1.306537164615359004e+01
1.307458597991177029e+01
1.305097507514851074e+01
1.308098813886926592e+01
1.305092978965462436e+01
1.305159665989107864e+01
1.304383472217398676e+01
1.306132844789075520e+01
1.306644236614139132e+01
1.306079670633284273e+01
1.307257898272176178e+01
1.303704604900710073e+01
1.305782361603549191e+01
1.306562280147595700e+01
1.307687641259327549e+01
1.304275838563724221e+01
1.305495208110180982e+01
1.306469220345386262e+01
1.305689496114865022e+01
1.307694586818983673e+01
1.304794246113658218e+01
1.307486439297042580e+01
1.307239165766147515e+01
1.306652457143767165e+01
1.306443636358718408e+01
1.307622269371278456e+01
1.308483024513826365e+01
1.307604952801230169e+01
1.307311547501772964e+01
1.309812607055378564e+01
1.306895915288915155e+01
1.304844110478917862e+01
1.305819008574760787e+01
1.304781409849999463e+01
1.308422610005155384e+01
-4.449284978968709447e-01
1.306940543287668888e+01
1.308334784911933113e+01
1.304958934702008122e+01
1.309360181727503125e+01
1.306326374071055696e+01
1.308289109660768545e+01
1.304233203746695224e+01
1.308310072698202120e+01
1.308033336968755478e+01
1.304512224485584682e+01
1.305270415205274404e+01
1.306145768426756426e+01
1.303456181848201112e+01
1.303957905493387059e+01
1.308781791440318365e+01
1.305833540274301541e+01
1.306158707336144076e+01
1.309873974785883455e+01
1.304929963065342058e+01
1.306876422672802107e+01
1.305413024041073555e+01
1.305777701257239976e+01
1.304615800871494358e+01
1.305110673718624703e+01
1.304893905332114912e+01
1.304401853371247988e+01
1.304610419503136853e+01
1.304942154106645269e+01
1.305938444223787798e+01
1.305510270541257256e+01
-4.511681180223092724e-02
1.305176213336905988e+01
1.305686019814064025e+01
1.304851581216795076e+01
1.308296873267631710e+01
-7.022712990968615898e-02
1.308091647598629059e+01
1.304438437676427398e+01
1.305166610951668460e+01
1.307061806383810243e+01
1.308102781426155836e+01
1.309219474415904116e+01
1.306512569467416185e+01
1.305758786009447370e+01
1.309584479578947125e+01
1.305206195268199210e+01
1.306273892679375948e+01
1.304695791886746292e+01
1.302833711678953144e+01
1.308722996640029024e+01
1.305967218193719503e+01
1.303097254033576213e+01
1.305393738187701125e+01
1.307529858649202126e+01
1.308066245664368488e+01
1.305912905338464114e+01
1.307561453951625552e+01
1.303008107910762092e+01
1.305229732249943098e+01
1.303255411351931770e+01
1.304382142555784796e+01
1.306610532354709520e+01
1.305024631106965671e+01
1.305663738322570211e+01
1.303735679926430535e+01
1.305668526581218103e+01
1.403027226340289246e+01
1.305492780378566664e+01
1.308359526514793281e+01
1.306150125531037531e+01
1.306672098260701276e+01
2.034089415421136415e-02
1.305382394163564896e+01
1.304710014873265322e+01
1.305919672185465608e+01
1.304360922417333235e+01
1.308343935569477345e+01
1.308093233886925688e+01
1.307166895485545410e+01
-6.454190927634539943e-01
1.403586881954458576e+01
1.303520789128907609e+01
1.305019500838895041e+01
1.309910990089329275e+01
1.306179477134279310e+01
1.304668762884204369e+01
1.308305936263631786e+01
1.304798555572923746e+01
-3.792570135979188573e-01
1.304396950953650247e+01
1.303728076087796417e+01
1.307282009353403218e+01
1.304124431201190504e+01
1.305939109541298393e+01
1.305127946967723673e+01
1.305080915165058109e+01
1.308156163981307429e+01
-4.657258147294476291e-01
1.304299401930627766e+01
1.305225962139892282e+01
1.306154392560117117e+01
1.309485730423401151e+01
1.306882202813905280e+01
1.304843047998706496e+01
1.305462500044153451e+01
1.306554489238423500e+01
1.304739327575933672e+01
1.307131121145474495e+01
1.307945004021880564e+01
1.307145113080340160e+01
-4.338671420617167263e-01
1.304139894000703492e+01
1.403695156585648895e+01
1.305451830104376398e+01
-1.061601225725929964e-01
1.304213045959684258e+01
1.308577067649603620e+01
1.308389863436444500e+01
1.300685117088237419e+01
1.305201303735343998e+01
1.305378993078983818e+01
1.306702582771559484e+01
1.305792495462587688e+01
1.309391098815133248e+01
1.304597030414919345e+01
1.304119384957251526e+01
1.307617874457174167e+01
1.304606813159659318e+01
1.307462628553043160e+01
1.303065105590058792e+01
1.306837393096685851e+01
1.304809641755104721e+01
1.307543757877564516e+01
1.304662373225156280e+01
1.307081955985826127e+01
1.305690836390022547e+01
1.310535293492501552e+01
1.308136622782219938e+01
1.307729012808420066e+01
1.307964577413032181e+01
1.308668235026649640e+01
1.305677671552177443e+01
1.306951972845446619e+01
1.309359639319399982e+01
1.304792967432209494e+01
1.306032924093522851e+01
1.305851269521959424e+01
1.304467215849871309e+01
1.306906477355457596e+01
1.309541441638778636e+01
1.304244106245687185e+01
1.305878636152242223e+01
1.303511142221493913e+01
-6.087634535058686902e-01
1.306696966280584249e+01
1.307172455736707661e+01
1.307090621542447906e+01
1.306437481690350211e+01
1.305975187160559337e+01
1.307494712284419158e+01
1.305523100252404589e+01
1.314059353036227051e+01
1.308130351487710996e+01
1.304843913049946202e+01
1.302251172130575085e+01
1.306573959953541753e+01
1.306022197839943644e+01
1.305814806376019988e+01
1.306547543479118190e+01
1.308603465111115760e+01
-4.151141803262208274e-01
1.306224173831503776e+01
1.305914192056788004e+01
1.306430379595966151e+01
1.307161808903644662e+01
-7.974489770018731161e-01
1.308667980311649615e+01
1.306761046483991962e+01
1.306189561765974894e+01
1.307517109666625288e+01
1.308177796783399138e+01
1.305166291327331862e+01
1.307531783921776025e+01
1.305681401733429148e+01
1.306649683459381883e+01
1.306225709299869919e+01
1.305649031889770129e+01
1.306961851870930857e+01
1.304578892900909537e+01
1.305501708154662843e+01
1.307572251287404619e+01
1.305613002112199972e+01
1.305312128976682828e+01
1.307335820140644778e+01
1.310226006323116366e+01
1.307311363715768948e+01
1.303738594505446713e+01
1.303698605353882911e+01
1.305507293370026645e+01
1.307377417560422472e+01
1.305165013146666553e+01
1.304959388347926819e+01
-1.088603630734350514e-01
1.308086149025157496e+01
1.307334268375735320e+01
1.306899218627543391e+01
1.309326049231532707e+01
1.305877110466097513e+01
1.304974538099243198e+01
1.305980195254476683e+01
1.308298738146606865e+01
1.306348978279207529e+01
1.308443629708686728e+01
1.307079922955777107e+01
1.307115821639473374e+01
1.308796192217719145e+01
1.305033923428892351e+01
1.307255674921032274e+01
1.305341533294878431e+01
1.305702825813837720e+01
1.304046805363427275e+01
1.306426479858816592e+01
1.306178802362099844e+01
1.305838150931087505e+01
1.304160112963525009e+01
1.307441672942348987e+01
1.303823177445477910e+01
1.304621257900086562e+01
1.303490436246629258e+01
1.304687999491613937e+01
1.306777103850188126e+01
1.306110760971054141e+01
1.303359863590872258e+01
1.309694183096122444e+01
1.307097105113040314e+01
1.306516211527666371e+01
1.306907314572901058e+01
1.309069016668994223e+01
1.309527342224470914e+01
1.307926516283897733e+01
1.304438401619819032e+01
1.307521273208875634e+01
1.303837884697138705e+01
1.307401956407818666e+01
1.308087521570134371e+01
1.305740562038229058e+01
1.305079388027917986e+01
1.304612287331931952e+01
1.304484244155890593e+01
1.305793002836363037e+01
1.305937474631982731e+01
1.307213882129441807e+01
1.307082135184697336e+01
1.307760062897226128e+01
1.307171770257185273e+01
1.305011105686401685e+01
1.308077186208862308e+01
1.308724863556383333e+01
1.305007781418891355e+01
1.306697840653544596e+01
1.305558377339281151e+01
1.304241981029256081e+01
1.307715234923963976e+01
1.306944505110959298e+01
1.308489183012128265e+01
1.304842083289447707e+01
1.305379307357870466e+01
1.306045144906825684e+01
1.305817560820307932e+01
1.308071350058829019e+01
1.307660026152748323e+01
1.308160530241026365e+01
1.306153007919481013e+01
1.305146245363544466e+01
1.308184192756985631e+01
1.305524387181087498e+01
1.308019452255720694e+01
1.306065919577906520e+01
1.304203178954022313e+01
1.305851957009236486e+01
1.308127507982751325e+01
-1.019030137822596327e-01
1.304999804566231703e+01
1.304508541456586457e+01
1.308103672528636885e+01
1.305839240197520112e+01
-4.354226904115942043e-01
-4.416764505759090964e-01
1.305115153826246477e+01
1.306491723670112570e+01
1.310139227016276031e+01
1.307698534004070723e+01
1.308648955334256669e+01
1.306147033733817864e+01
1.309349099531845440e+01
1.309135376825679842e+01
1.303860337598543495e+01
1.306363435649272375e+01
1.306214161372992422e+01
1.307979484875764875e+01
1.306351669455051123e+01
1.305818141936820531e+01
1.307871185590688867e+01
1.307723030398969932e+01
1.305959586637712455e+01
1.304812393535134873e+01
1.303695861603884332e+01
1.305447468080107143e+01
1.306569102701690177e+01
1.307915092914385902e+01
1.306931118191988439e+01
1.305182988890351581e+01
1.308554590456532196e+01
1.305040026413213461e+01
1.307802658837705323e+01
-4.297432796361813079e-01
1.305577214183790247e+01
1.310357903001913726e+01
-9.696630270195361057e-02
1.305537003135848373e+01
1.306224041006084136e+01
1.309357875028380036e+01
1.305497046289747054e+01
-5.528988546892090739e-01
1.307038141240652607e+01
1.306417198796405899e+01
1.309198347426407594e+01
1.307992997188330975e+01
1.305623619543568026e+01
-5.426052890585834065e-01
1.304631910154881069e+01
1.304138116741426145e+01
1.503900673910668573e+01
1.306773084448091282e+01
1.304963783013078782e+01
1.309486909643547037e+01
1.306896622703102295e+01
1.305305853519915438e+01
1.304216757267055726e+01
1.303972147241766777e+01
-8.520416112567430478e-02
1.307383199099110094e+01
1.307450493818687676e+01
1.305187929234141109e+01
1.306838017916622086e+01
1.306592947237709090e+01
1.305810081663200961e+01
1.305178184313073686e+01
1.304923798685822156e+01
1.308136976822582653e+01
1.304822137925556547e+01
-1.015363990344080314e-01
-5.907591002881062980e-02
1.306029100992786418e+01
1.304489514908412673e+01
1.304837080870195898e+01
1.306610424568383166e+01
1.306966000571364184e+01
1.304816207411968421e+01
1.304491369613037932e+01
1.403210218145694910e+01
1.305192437966648100e+01
1.305837370709756406e+01
1.305583570103360103e+01
1.307610794200678583e+01
1.306561944797592822e+01
1.306762748866874446e+01
1.308416032952560926e+01
1.308704372241635028e+01
1.308198881921114420e+01
1.304329302625743381e+01
1.304000832473138871e+01
1.304586251623889304e+01
1.304840814095556034e+01
1.306132991908945229e+01
1.306877084753593721e+01
1.304274824920215536e+01
1.304068680057258156e+01
-7.410328305334900056e-01
1.404814277847340875e+01
1.309436913977667061e+01
1.310189876777709372e+01
1.304677912856173805e+01
1.306031490343589851e+01
1.308153917963320723e+01
1.305756640879468478e+01
1.307159542449778655e+01
1.304286826877736161e+01
1.306149843014937950e+01
1.307499821141139407e+01
1.307144997165470812e+01
1.307380922744345142e+01
-8.325899409613697344e-01
1.308352481553458624e+01
1.304879867579108144e+01
1.304905641393393800e+01
1.306334554093302458e+01
-4.172660820606288734e-01
1.309139199062236614e+01
1.306208513516918046e+01
1.306297634553427756e+01
1.306006144467175822e+01
1.306174372872582268e+01
-7.509100539220114889e-02
1.307562745111698455e+01
1.305019588404892339e+01
1.305757363767509105e+01
1.306827228192726409e+01
1.306279862274397630e+01
1.308601133920396009e+01
1.305888656548368232e+01
1.305700993499497997e+01
1.303509416630346252e+01
1.307380846477913394e+01
1.308468069221729557e+01
1.309169774493437544e+01
1.307890100027357683e+01
1.306503980967337775e+01
1.305057363687542704e+01
1.307709037838926847e+01
1.307137298507265299e+01
1.307965268489391164e+01
1.305734771421236218e+01
1.307341991761559541e+01
1.309981485792440026e+01
1.308156798985847047e+01
1.306223547804800944e+01
1.308319634588641556e+01
1.305503506130433600e+01
1.303518793163854639e+01
1.305581857150359681e+01
1.305480399716685724e+01
1.309401313973213554e+01
1.306742345429169383e+01
1.306216223702063317e+01
1.306351878873790184e+01
-6.811160649743452922e-02
1.309442642990846828e+01
1.310038324089913786e+01
1.305760625325768487e+01
1.305175521859451848e+01
1.308233598953319188e+01
1.304382152763995606e+01
1.303252561544440269e+01
1.303462265901186967e+01
1.308089433177251593e+01
1.613274006144926886e-02
1.306106054153273632e+01
1.309798670932374520e+01
1.307912257318115223e+01
1.306029194352553802e+01
1.307678054628637732e+01
1.309602763035585937e+01
1.304748288878588447e+01
1.307419323895992136e+01
1.307521879365425832e+01
1.303976518359552372e+01
1.305082135050775705e+01
1.308166200130214563e+01
1.303695476223348670e+01
1.306216582524500325e+01
1.306624599063039582e+01
1.307636941173425882e+01
1.306669429417978279e+01
1.304718076353292133e+01
1.305400471025371623e+01
1.305019873935864894e+01
1.306782737893519553e+01
1.307633889539160066e+01
1.307699984300218432e+01
1.310204773921721610e+01
1.308066097161630381e+01
1.308884477684538616e+01
1.304665022734113577e+01
-1.175666536063868506e-02
1.306514118166712812e+01
-4.417588491443553700e-01
1.309745196947742585e+01
1.307042624103659101e+01
1.308642663624030078e+01
1.306707548021367771e+01
1.307145279611068567e+01
1.305391326482124370e+01
1.305343076944138403e+01
1.309060243503997967e+01
1.306050245114477093e+01
1.307335520219676184e+01
1.307361959588605060e+01
1.305190511783695229e+01
1.305082850269990757e+01
1.308227753466859511e+01
