-8.495350786516804309e-01
-4.123455669267067636e-01
-1.293384097894324292e+00
-6.212607135692687077e-01
-8.509408812512522235e-01
-8.450901267323480681e-01
-5.168335170115186950e-01
-8.704142746440961531e-01
-3.615135343120912115e-01
-8.353886356003705771e-01
-1.111737988981018388e+00
-4.471463587239831172e-01
-1.275095522861461328e+00
-1.120251332582278714e+00
-7.810203054691229330e-01
-5.100831900784552619e-02
-6.083783758732168589e-01
-9.584817732274789615e-01
-1.422078365377628995e+00
-6.146178308522683986e-01
-8.097025515453575295e-01
-1.189965690156334244e+00
-8.319295335231995381e-01
-8.129731476785541089e-01
-1.225431933323802403e+00
-6.047780533609317111e-01
-4.939575005932106411e-01
-7.700190950247882693e-01
-6.651667551089087693e-01
-6.311985217720872399e-01
-6.657837332117193530e-01
-8.260312519120256436e-01
-7.114721155840817435e-01
-5.044590766278752580e-01
-4.884129842581690362e-01
-7.202202212577419882e-01
-6.804685623709053610e-01
-6.326290481236778174e-01
-8.609546475025739998e-01
-8.846420089202696735e-01
-8.898950490776990074e-01
-8.245426245630481654e-01
-6.410832958453105412e-01
-7.654455898934950930e-01
-6.788078387591400809e-01
-3.796261167594946473e-01
-8.452669697279624472e-01
-1.097405019133287363e-01
-5.984092719878655320e-01
-7.639673585530751820e-01
-5.675103240632846102e-01
9.256122086496337831e-01
-6.895781470838810434e-02
-1.484743022254857436e-01
2.434685132996637358e-01
-1.080484865666525712e-01
-9.473427836115295986e-02
-2.466256646794892926e-01
-8.190906307402707753e-01
-1.680744280717842709e-01
-9.886073069017567994e-01
-1.159321394717727882e+00
1.687886798206515993e-01
-1.734026124450195105e+00
-6.309546951949146498e-01
-8.079481401369286164e-01
-6.785661685256669795e-01
-1.125713301937758759e+00
-6.535957241436756160e-01
-7.495064639748298951e-01
-7.377002042636131574e-01
-4.483878682674742322e-01
1.307609548718421522e+01
1.304550660716523680e+01
1.303583738753260945e+01
-3.560707226378913015e-01
1.603269199212773088e+01
-8.027619318974796858e-01
-1.689273916065652248e-01
1.306184793065251881e+01
1.305636552846188891e+01
-1.730975374397680788e-02
1.403779032729858045e+01
1.405304042123059283e+01
1.306745278932107013e+01
1.304884126290631485e+01
1.310090504789303623e+01
1.304421711346724244e+01
1.305966712213520253e+01
1.304677420367387342e+01
1.304294803140368408e+01
1.303427832193217029e+01
1.306977272800735435e+01
1.303692682962205929e+01
1.305794231687930207e+01
1.303287635102028119e+01
-4.089853419398727929e-01
1.307463763014450109e+01
1.304246229106939658e+01
1.303781846953130241e+01
1.304470679258490229e+01
1.308832855553108132e+01
1.305202608252108831e+01
-4.666240591277384109e-01
1.306238701222359033e+01
1.311252942935588806e+01
1.503992656634731340e+01
1.305249768843488667e+01
1.304019614501203073e+01
1.306081794472798130e+01
1.303249917532207292e+01
1.304615498442536570e+01
1.305522766321635331e+01
1.304623047091385857e+01
1.307935738429626937e+01
1.303657357575181486e+01
1.308153177927989219e+01
-3.631357044493496167e-01
1.304967896831107588e+01
1.304419038248494545e+01
1.302511864423846966e+01
1.404039155339593137e+01
1.398902679872767862e+01
-7.910891744232428913e-02
1.306954430332567263e+01
1.305608551821147145e+01
1.301231766787444677e+01
-3.891055213697097726e-01
-3.537588901604727942e-01
1.298736755188454062e+01
1.305888839347037056e+01
1.305211586730507456e+01
1.304129319495706163e+01
1.307361077697927776e+01
1.306508245662285717e+01
1.302389978842382234e+01
1.306195811726503564e+01
-2.647461496018667093e-01
1.306142764610190810e+01
1.303899479897761005e+01
1.402740242536159698e+01
1.305584427866146591e+01
1.304020672487416022e+01
1.306831917089319539e+01
1.305270698130187945e+01
1.304165195006297573e+01
1.307556416171355806e+01
1.304225928689161407e+01
1.304729124212028779e+01
1.304596860102837752e+01
1.305969920220976022e+01
1.305079453510481180e+01
1.307657061555851818e+01
1.413174415217852520e+01
1.305272031679812983e+01
1.301560749084352508e+01
1.305171419813330402e+01
1.300611807234454886e+01
1.306628365626910515e+01
1.307866204481091188e+01
1.305171987611639217e+01
1.303374804943425502e+01
1.305452390846087596e+01
1.303554330741078005e+01
1.305352188662709167e+01
1.303120525222835369e+01
1.306179308622607316e+01
1.305742710525606398e+01
1.303788448761857310e+01
1.403580457887975896e+01
-2.648800350112961999e-01
1.304913981598877015e+01
1.305198033786314227e+01
1.305793228628174241e+01
1.307196042599813168e+01
-2.030959346065791538e-01
1.303732702531740095e+01
1.303480709187071795e+01
-3.790201168766123008e-01
1.303797156331758345e+01
1.403107285300888840e+01
1.304305946845834541e+01
-3.458892109105057289e-01
1.303887149557017189e+01
1.303947107284623463e+01
8.914625764288138798e-01
1.403054014711194242e+01
1.304010819760345363e+01
1.305814495406908904e+01
8.283567818201632571e-01
1.303679236586302004e+01
1.308484762359672615e+01
-2.405815087513900608e-01
1.303357647055669943e+01
1.304823343603074726e+01
1.305172890969198995e+01
1.305256148974304509e+01
1.309649939922360140e+01
1.304657151297998396e+01
9.481302537132023645e-01
1.305072567265927752e+01
1.303584893875997963e+01
1.302875948909245452e+01
1.304166731050572992e+01
-2.198447612149847519e-01
-2.332199309085826178e-01
1.304600984580945422e+01
-1.737044874332279720e-01
1.302768715637053987e+01
1.305270957511906005e+01
1.304592934474785437e+01
1.305609389167272738e+01
8.660581640124623837e-01
1.307752501543669332e+01
-3.847610408102342117e-01
1.305063001204830897e+01
1.305052389734063567e+01
6.470347579021814566e-01
1.303214281119239715e+01
1.305063289879848654e+01
-2.993497484669972453e-01
1.303366729587380668e+01
-3.318367582895946910e-01
1.304323005362078725e+01
1.304066589869335147e+01
1.303276190559229875e+01
1.305625561072918117e+01
1.405058729073774870e+01
1.303651044389707536e+01
1.304557621139056778e+01
1.303144613015619768e+01
1.405048751087849368e+01
7.964070233191020698e-01
1.403555688408299673e+01
1.305300761853770553e+01
1.304795300937204772e+01
8.796503415112757462e-01
9.795114408005048956e-01
-8.874361033430566703e-02
7.529301991415933148e-01
1.305224649958143246e+01
1.303626969917887379e+01
1.403798976188960346e+01
-4.989528356429617784e-02
1.307564358023705786e+01
-8.002559185395519137e-02
-3.809205105077709819e-01
1.304902230494101900e+01
-8.736250117996103848e-01
7.413712183903814479e-01
8.295794543303367519e-01
-9.233848616131623555e-02
-2.505377240940399597e-01
-9.034987136695227239e-02
9.212963844920569745e-01
1.304777313202862388e+01
8.120111140938778282e-01
1.304765195243700404e+01
8.442923301521670920e-01
6.635854834506385025e-01
1.304831220679434445e+01
-8.077373599554316108e-02
1.307885872049433473e+01
9.869798403312116664e-01
-7.606167409210984331e-02
-1.901063760382781798e-02
2.677715403355579449e-01
8.176474167068716881e-01
8.540365003577518044e-01
-7.156574547924166030e-02
1.305925880486565305e+01
4.661349973263829716e-01
2.092304488939732143e-01
-1.988641536108937125e-02
1.307001102701652684e+01
1.929533123909794812e+00
8.211906262703371207e-01
7.711667922054410429e-01
-1.079458286911786358e-01
-6.790822408154728596e-02
1.299945703751207482e+01
4.297345754514587113e-01
1.306966794861728154e+01
-5.114214094344138317e-02
1.305371318445616424e+01
1.305942821840086587e+01
1.306310170816195537e+01
1.306558555222796514e+01
1.307749706273647128e+01
1.305862835710055947e+01
1.305979288119268666e+01
1.303669903606499147e+01
1.306442198765951268e+01
1.308171802013400509e+01
1.305582169745502341e+01
7.853480983688522210e-01
-3.421751118022340332e-01
1.305410203474789732e+01
1.308000024367869685e+01
1.304146417704873073e+01
1.305948418180705062e+01
1.309826275849061261e+01
1.306774297577168831e+01
1.307298561877667531e+01
1.305466650058722244e+01
-2.968788009753575707e-02
1.306639871174212963e+01
1.307123940582908972e+01
1.410034608791231747e+01
1.308964685552351526e+01
1.307262417287198986e+01
-6.621084110089050512e-01
1.307680267258033702e+01
1.304746121443796270e+01
1.307086149762999661e+01
1.306765214168432010e+01
1.307332079175527539e+01
1.306007767086897253e+01
1.309190231157513473e+01
-7.037270194865214989e-01
1.308013213380143824e+01
1.307138650886861164e+01
1.306188603720481822e+01
1.304733549033239193e+01
1.308509300118248042e+01
1.306115609845952541e+01
1.305418516747590374e+01
1.309056689311401556e+01
-4.179218511658585600e-01
-3.827252117124786412e-01
1.307044664517580301e+01
1.307208817194371342e+01
1.308290594590578415e+01
1.307000851348907133e+01
-8.329405512859207050e-01
1.403013253488128775e+01
1.306436974149727348e+01
1.305696652838778249e+01
1.305314097696675724e+01
1.310060597978937480e+01
1.306621680785610806e+01
-9.758477430547577436e-01
1.308253593425272854e+01
1.303481026070989479e+01
1.307085912770622826e+01
-6.460538115841761853e-01
1.304691625162442925e+01
1.307344871284590937e+01
-1.044341173340512796e-02
-4.393318391489260399e-01
-1.126670108796535841e-01
1.309709039379956330e+01
1.310520479499735558e+01
1.306160175612540542e+01
1.306427874099055408e+01
1.309241410509606851e+01
1.304579171489413980e+01
1.308791909929548858e+01
1.309787585637696949e+01
1.308348183972577417e+01
1.306347347498858369e+01
1.305726947156101048e+01
1.305762350891616030e+01
1.306435513793701730e+01
1.306419266050863115e+01
-6.266113432650666226e-01
1.308066400106139149e+01
1.308971199034090205e+01
1.307501533259434012e+01
1.306606987485099047e+01
1.307527250346029390e+01
1.309870636091565288e+01
1.309026829489700106e+01
1.307779870038570991e+01
1.308706290225191182e+01
1.306710614995134634e+01
4.476110075830703333e-02
1.304121803341094221e+01
1.306849165317476036e+01
1.304843734357652174e+01
1.310072112713420012e+01
1.305800726838817027e+01
1.307875854743292265e+01
-1.042556922195781555e+00
1.305422130080001430e+01
1.307185153874513617e+01
1.305502079037463403e+01
1.306517976465137743e+01
1.307614398329536876e+01
1.307377621184970806e+01
1.307658634930435682e+01
1.305954254977637063e+01
1.306856527174082316e+01
1.311264265007212870e+01
1.307906332239274327e+01
-9.660597605458061121e-01
1.306826523149784691e+01
2.305627066415863735e-01
-3.132585802092451299e-01
1.307432625798814030e+01
1.305795443445722270e+01
1.307757579141202697e+01
1.305766819766052222e+01
1.307582414269852222e+01
1.307374341423376940e+01
1.309361969296376316e+01
1.308044549303668447e+01
1.307682836306136487e+01
1.305652688411999307e+01
1.307663162204373286e+01
-5.244861805197014171e-01
1.308298091386767581e+01
1.307038836339312304e+01
1.306079894591231572e+01
1.307893615362900697e+01
1.307569474513687524e+01
1.307623508320340555e+01
-9.820718281120954796e-01
1.307256693417444282e+01
1.303569960103806480e+01
1.305929497118870763e+01
1.306204908115243768e+01
1.310161663752729488e+01
1.305536529618337838e+01
1.308664144341149616e+01
1.310218473389676319e+01
1.306064122594028731e+01
1.308413510365124921e+01
1.306743890311592970e+01
1.308203919144418848e+01
1.309011179697281158e+01
1.305380861948593463e+01
1.306069163792882115e+01
1.306470061778312264e+01
1.308049355366584088e+01
1.307896935115137538e+01
1.306354843356714923e+01
1.307427980917838539e+01
1.309690481557300501e+01
-6.363826253819532264e-01
1.306271099589009665e+01
1.307858845634574330e+01
1.306315421580303848e+01
1.306484261509265821e+01
1.403886097937417432e+01
1.307218396270491745e+01
1.308241070497542857e+01
1.308116353867970183e+01
1.307541878911061417e+01
1.306901214288131463e+01
1.309363405451072637e+01
1.306800816590688186e+01
1.307582161138089027e+01
1.307960560772288794e+01
1.308075734221007735e+01
1.309646359345362221e+01
1.305874755106835394e+01
1.307079266323776956e+01
1.308158829167044601e+01
1.306339117963248064e+01
1.306407154710721130e+01
1.307245563748312023e+01
-3.864163831716502795e-01
1.307154231573021264e+01
1.305947174662419563e+01
1.306328187674040464e+01
1.307888292367294447e+01
1.307591373806428336e+01
1.306337503563184299e+01
1.304514048713313912e+01
1.305297141447973885e+01
1.305090658302333928e+01
1.304450950817624033e+01
1.305223797669988528e+01
1.309077716729269270e+01
1.308315713189129603e+01
1.308236435455211932e+01
1.305050935423258096e+01
1.304878735235002551e+01
1.309558447191755093e+01
1.306712617310240354e+01
1.306735975237743475e+01
1.308567689854369398e+01
1.307871287855082088e+01
-4.443437925134497979e-01
1.307929281771154351e+01
1.308202723287667624e+01
1.306856371915817405e+01
1.306286002276276648e+01
1.306302890180261222e+01
1.304931018434189660e+01
1.304896222634549119e+01
1.308365025892272726e+01
1.304191195572434125e+01
1.308831449415738213e+01
1.306532408489250940e+01
1.307805211743383822e+01
1.306043187550535301e+01
1.304435314462110895e+01
1.306849092357020581e+01
1.304462278008727694e+01
1.303886628137281178e+01
1.306827864121317084e+01
-4.317160117966456490e-01
1.302360039144659254e+01
1.307390534072670540e+01
1.306452126968151006e+01
1.309341197504695131e+01
1.304133376414403500e+01
1.309616934790226850e+01
1.305778598906463372e+01
-7.016963399002429380e-01
1.308168543618927337e+01
1.305955856256681891e+01
-4.465717232406078985e-01
-1.635643055521748268e-01
1.309845694453586162e+01
1.306689693792915818e+01
-4.058640826015966763e-01
1.309800009983136704e+01
1.304405527226456130e+01
1.303261715275652222e+01
1.306501621441516647e+01
1.308599098159925944e+01
1.306979606568494923e+01
-4.182635570826048754e-01
1.308616526145793202e+01
1.306054705641417968e+01
1.305879338079460972e+01
1.305502650035056078e+01
1.305194273366728375e+01
1.305017247761771060e+01
1.308704973841501129e+01
1.303197227457721752e+01
1.304870716656483864e+01
1.305648492816126449e+01
1.305542318354795839e+01
1.307701145647652652e+01
1.305202263618932790e+01
1.305576646830490972e+01
1.305304726598322063e+01
1.307328952258612098e+01
1.309498221492675718e+01
1.307660771555079648e+01
1.310414154103251150e+01
1.309264305182196608e+01
1.306484472416061848e+01
1.306810272356737102e+01
1.305154384547400426e+01
1.304907643236081505e+01
1.308670089756897426e+01
1.306355595228969690e+01
1.309239619851048708e+01
1.305672254298310975e+01
1.304636789033645528e+01
1.305126890995003386e+01
1.306027273212019324e+01
1.305977798495867148e+01
1.309534518966138883e+01
1.305802503214473909e+01
1.308017871332901194e+01
1.307379622655894913e+01
1.305570413749001268e+01
-3.390436111433634547e-01
1.302730741357517630e+01
1.306573327291718734e+01
-3.544382774425594018e-01
1.308168932030851295e+01
1.307277044934918564e+01
1.315054867895281632e+01
1.307137689948665660e+01
-8.789760511961453027e-02
1.308167733868653215e+01
1.305560803993355279e+01
1.404276168015643655e+01
1.314210114501778293e+01
1.307341572567433019e+01
1.308037503503584276e+01
1.308906300647789855e+01
1.307377516677384044e+01
1.307582975093140831e+01
1.306218336313007278e+01
1.307394560464725863e+01
1.306571729975501306e+01
1.307258738052572866e+01
1.309085224444529416e+01
1.306740169187235878e+01
1.307202794195371709e+01
1.308582585699689105e+01
1.304399343159747815e+01
1.305382571244610901e+01
1.304949725390489945e+01
1.308133944691920014e+01
1.305855890833895216e+01
1.307290324726558595e+01
1.304967670619903863e+01
1.304382291049938658e+01
1.306814363280606983e+01
1.306049122530059137e+01
1.307244114443027883e+01
1.306384559069525508e+01
1.304326989582511231e+01
1.307467541406883882e+01
1.306840268395997029e+01
1.303738884186737934e+01
1.306051784146993811e+01
1.307135213951438146e+01
1.304445017162051990e+01
1.303151071582797194e+01
1.307817659490334528e+01
1.305835120210467082e+01
1.307422836495033458e+01
1.307742463347265804e+01
1.307197547380734015e+01
1.304846130894929246e+01
1.303564176235044414e+01
1.306312311162469619e+01
1.305264720334790773e+01
1.306752831941521364e+01
1.306423956224198335e+01
1.305187398316998504e+01
1.304753422435181243e+01
1.305700374674237452e+01
1.303609029674949582e+01
1.306059461889530127e+01
1.305538834520151070e+01
1.307811907751570857e+01
1.306228297655264470e+01
1.304149695838819234e+01
1.303600043565641542e+01
1.308919976897936621e+01
1.304930496761762626e+01
1.305382540991688067e+01
1.306438361484209132e+01
1.308121469167797457e+01
-7.084026094758948400e-01
1.306055079131914454e+01
1.306494708938933158e+01
1.304758458691780199e+01
1.306048747745040117e+01
1.306211872247190442e+01
1.306837699469340208e+01
1.305894219022964009e+01
1.307077031302174142e+01
1.306902357505568801e+01
1.305322235945818576e+01
-7.632210312181871847e-01
1.306031029056581261e+01
1.304228374888955067e+01
1.304556517324137133e+01
1.307175272387595832e+01
1.304913032824135755e+01
1.307478665638898363e+01
1.303564393465978810e+01
1.309087823105713433e+01
1.403555885251499902e+01
1.308064184101190897e+01
1.303873816743593039e+01
1.306497681301052083e+01
-6.988055573656810626e-01
1.305834671305104422e+01
1.304282543408725203e+01
1.307269954297533587e+01
-7.606915570852443853e-01
1.305701164415344095e+01
1.305477154502024817e+01
1.304478256786857138e+01
1.304887249719179998e+01
1.305791423296590281e+01
1.307363317504939815e+01
1.305624982350503416e+01
1.304254502541454208e+01
1.301282120850438417e+01
1.307752768518589548e+01
1.304481573814655704e+01
1.308628978034348656e+01
1.306952155466617072e+01
1.306099348120410220e+01
1.305264941116231014e+01
1.310242469088159467e+01
1.308749474035488980e+01
1.306244252889651136e+01
1.307352160743146285e+01
1.309046137830549483e+01
1.305400698122116054e+01
1.306718072702266475e+01
1.304257693794597905e+01
1.305820813257982493e+01
-7.055896285657775602e-01
1.305132246859198375e+01
-9.582599210281381730e-01
1.307523758719384510e+01
1.309286654662304983e+01
1.303849135007924076e+01
1.305922105497730001e+01
1.303508845464935817e+01
1.310108136149557367e+01
1.305282831845267921e+01
1.307012944640941221e+01
1.307523199344610809e+01
-7.224585360662441058e-01
1.303435196334768165e+01
1.303820698342324746e+01
1.309105954319531762e+01
1.307445843328601143e+01
1.303957518166742879e+01
1.305698371204834451e+01
1.304776605091126385e+01
1.304311025278955682e+01
1.304481365606092425e+01
-7.076897006261306800e-02
1.306212552541304639e+01
1.305145696702618174e+01
1.305524399285455850e+01
1.308558889695531491e+01
1.305645275835459529e+01
1.305291123622386529e+01
-8.139079270452949100e-01
1.305293811841053220e+01
1.305667971219758705e+01
1.307073156855758533e+01
1.304991517101579390e+01
1.304931464822267628e+01
1.402746517143668470e+01
1.305231608733647164e+01
1.307611243064753737e+01
1.306329297426504965e+01
1.308157722602889628e+01
1.304749882845962006e+01
1.306540309938717925e+01
1.307656279738982974e+01
1.306249643136222005e+01
1.308325141727530649e+01
1.305562056211351063e+01
1.306002684672226621e+01
1.307239490111694025e+01
1.304453473037657218e+01
-8.118926359348765942e-01
1.303565421971071814e+01
1.299807682498365580e+01
1.306873762842074882e+01
1.404358896327631712e+01
1.306728576559542709e+01
1.307414934364468628e+01
1.306667592533804267e+01
1.306944567132783419e+01
1.303770943532119375e+01
1.306586836149355868e+01
1.305132988192541177e+01
1.305216339010349103e+01
1.304771645182060347e+01
1.306833108907784613e+01
1.305686781046916067e+01
1.305874970492830833e+01
1.406722621898253323e+01
1.305524106473972523e+01
1.404259498821795482e+01
1.303444366752633421e+01
1.303477396816144740e+01
1.308704292758848098e+01
1.305453823518788781e+01
1.303486466583693293e+01
1.304613498405577232e+01
1.305367035796604114e+01
1.303601149813175297e+01
1.304521241018326627e+01
1.304776724121492570e+01
1.305206885594500577e+01
-7.923745699471875792e-01
1.306498486150053928e+01
1.304451301467542557e+01
1.304144857132979851e+01
1.303284209472042221e+01
1.306032366987866489e+01
1.306454263491162493e+01
1.403941239313063782e+01
1.306139635584908731e+01
1.308322220724687845e+01
1.303812922481511194e+01
-7.367062717065091526e-01
-7.614830189390948689e-01
1.307270237142789782e+01
1.306142869149338281e+01
1.306533137475037165e+01
1.306646190852494094e+01
1.307162809440464457e+01
1.305930307944228019e+01
1.305466802182038499e+01
1.304949533293285668e+01
1.308619579158998292e+01
1.304294207769409475e+01
1.306758142406075862e+01
1.305195601156343521e+01
1.304886436888433288e+01
1.304283587882349948e+01
1.305384463252739735e+01
1.304414106312638566e+01
1.304363081973055216e+01
1.304336660126542213e+01
1.306109014655533329e+01
1.305581573062558398e+01
1.306233609227761505e+01
1.305880987754220079e+01
1.304191227376526285e+01
1.304904792778088662e+01
1.303758127993344118e+01
1.304339854150868661e+01
1.307571211567907810e+01
1.302484032932104085e+01
1.305333649502838433e+01
1.304991721970728591e+01
1.305229984616193484e+01
1.304229168404674155e+01
1.305806055477050442e+01
1.306491538682468345e+01
1.306951519667752137e+01
1.310715859416906071e+01
1.305273801240061360e+01
1.305874000407249902e+01
1.305177133475489981e+01
1.305232896966439426e+01
1.304468429334045254e+01
1.304225835723267402e+01
1.306183880724265833e+01
1.305779599064835317e+01
1.310107062720500792e+01
1.307261802527726502e+01
1.307036707597848135e+01
1.304463392227690477e+01
1.306111421103521053e+01
1.304218233604369814e+01
1.304476414752785551e+01
1.305013117194867078e+01
1.304651478104183049e+01
1.304324534873157226e+01
1.304513921976425195e+01
1.304970780224480009e+01
1.303307665085010569e+01
1.305335381567705078e+01
1.305841434278628377e+01
1.304730542931646653e+01
1.307944861472201126e+01
1.304285847512675822e+01
1.306541525160920614e+01
1.304765177964350364e+01
-4.265285266717381285e-01
1.304370195225871853e+01
1.305022645951931892e+01
1.307041419209476985e+01
1.308858638042233657e+01
1.308544678841187370e+01
1.307260233417893502e+01
1.308490515630703754e+01
1.306258284782952650e+01
1.305758980607999575e+01
1.305208348959290632e+01
1.305065394427488101e+01
1.306617071443083589e+01
1.306820316120204950e+01
1.306958992978811374e+01
1.306244152114214430e+01
1.306234154792678837e+01
1.304745798278756297e+01
1.302970635132716914e+01
1.305454597911464454e+01
-4.228477334861097114e-01
1.303990141866675145e+01
1.303603384637796658e+01
1.306059726460023640e+01
1.305056450559940373e+01
1.305672545710694266e+01
-4.752741731063148123e-01
1.301822017765841366e+01
1.305955011889325235e+01
1.304107187684924085e+01
1.304862243917570197e+01
1.304228928333384907e+01
1.303111212777626982e+01
1.304341344027144522e+01
1.304666927151916056e+01
1.304894578814066541e+01
1.305511659210619513e+01
1.305624161518281490e+01
1.307411061829709098e+01
1.305168333165607919e+01
1.304487243332187241e+01
1.404432155301841689e+01
1.306770212003734777e+01
1.306259651402491428e+01
1.303236453268000261e+01
1.304017072828141721e+01
1.306117324755099673e+01
1.303455971798110191e+01
1.303875077214341260e+01
1.302585859775472699e+01
1.303961843847781310e+01
1.305162275921550474e+01
1.308292261868333739e+01
1.309247719731255444e+01
1.308279333618249751e+01
1.308808088896372190e+01
1.306322333213967468e+01
1.307653522952861636e+01
1.305583079214944675e+01
1.306640215576185327e+01
1.306149918691426315e+01
1.306601572569661585e+01
1.308563273506102931e+01
1.304238233401471092e+01
1.302917156719442104e+01
1.307959852177714666e+01
1.309228953662458395e+01
1.306793105908250219e+01
-9.713347922089565767e-02
1.303072082330884918e+01
1.303713365535883284e+01
1.306369720412228652e+01
1.299234773977222623e+01
1.303734803486160843e+01
-6.968281937916309676e-02
1.305191814815935025e+01
1.304449882066618649e+01
1.307629648678424594e+01
1.304909786823463946e+01
1.306961580027529735e+01
1.307408538323015001e+01
1.305737287709294669e+01
1.308170860283300030e+01
1.305762864189956574e+01
1.307675438885894970e+01
1.305768031727185807e+01
1.305835564244951108e+01
1.306053764643469250e+01
1.306000932179732565e+01
1.300324794664733297e+01
1.308122087335374140e+01
1.305241129284621415e+01
1.307269783944807173e+01
1.307307857992753597e+01
1.308598451783308647e+01
1.305336635630452591e+01
1.303860840425257628e+01
1.307001909338046630e+01
1.305759033327374752e+01
1.306739043095503483e+01
1.307936192077806581e+01
1.303587622344680419e+01
1.308610250900817462e+01
1.304752291595337965e+01
1.305765225210017810e+01
1.305546960215994723e+01
1.308733430006105181e+01
1.305531657004262236e+01
1.305173577560533893e+01
1.309029963940957764e+01
1.309432332575042324e+01
1.306784978916273232e+01
-4.031307457191785071e-01
1.308674167517729714e+01
1.305764892255289844e+01
1.305684003823508021e+01
1.309491331848888507e+01
1.305724704003000625e+01
1.305977161343772508e+01
1.307806541825080515e+01
1.307695264787433942e+01
1.304055421206791898e+01
1.304585193837861823e+01
1.309064470011641745e+01
1.306003015808048495e+01
1.305301287122476417e+01
1.305101892208219461e+01
1.307299572149017308e+01
1.307622182442731429e+01
1.305000498611977378e+01
1.305577999470760275e+01
1.303461203523976941e+01
1.305795581752592938e+01
1.304825136481544590e+01
1.306587256667451769e+01
1.405019404445047826e+01
1.306158112344437328e+01
1.305669086403055879e+01
-4.001173266474449264e-01
1.304852740978164150e+01
1.306072063677810213e+01
1.308899954187759107e+01
1.306239130314650687e+01
1.305554432153552469e+01
-8.977313978238354863e-02
1.306592956165566832e+01
1.303828474847537677e+01
1.307602629298786567e+01
1.304715900409038376e+01
1.305639386499455412e+01
1.306721153408363989e+01
1.306044983800340553e+01
1.308993618068136833e+01
1.304694654332948112e+01
1.306077017114468930e+01
1.306292923146182616e+01
1.306682478629494781e+01
1.306414990180113200e+01
1.305038062905310525e+01
1.307338631205871593e+01
1.305941853967086530e+01
1.304268545851724070e+01
1.305406692725977535e+01
1.306821894129555517e+01
1.304388632266837256e+01
1.402862194428725395e+01
1.305995962194688786e+01
1.304440513768602372e+01
1.306039565296883964e+01
1.306518536853339896e+01
1.307606134418977639e+01
1.304921550477907921e+01
1.306894687142380818e+01
1.307168889141826540e+01
1.307816361413181738e+01
1.306799855337212968e+01
1.307346060870199267e+01
1.307243073521455656e+01
-4.343786815210807228e-01
1.305110295775973484e+01
1.303999994434406595e+01
1.306416725454419669e+01
1.304925579634622679e+01
1.303642749119373079e+01
1.307198953251006834e+01
1.305044190690715666e+01
1.303701186220814101e+01
1.307210805188090141e+01
1.304483123732003946e+01
1.303659971230669790e+01
1.303720129212470979e+01
-3.845063769976037049e-01
1.307391118009043396e+01
1.306654066686739313e+01
1.307685209619112499e+01
1.305927976148424463e+01
1.306022671317385964e+01
1.307619422413566568e+01
1.304957121564050837e+01
1.303082194743435807e+01
1.303038890604899258e+01
1.306075561657321060e+01
1.308669115262223848e+01
1.305766134406246870e+01
1.307165993637472035e+01
1.305733044549429955e+01
1.307357638943278388e+01
1.304164622252068639e+01
1.304193302699664514e+01
1.305085225102028268e+01
1.308191518482257720e+01
1.305277023308601159e+01
1.305245425508275403e+01
1.305774326368840832e+01
1.305739832311968307e+01
