-4.138017790618788716e-01
-1.058181165366524068e+00
-6.043916623490788176e-01
1.306693572752651811e+01
-1.463229929287016118e+00
-4.024756176861202794e-01
-1.291019681011389197e+00
-6.855347498021260311e-01
-8.674514438255634952e-01
-8.738054667104908635e-01
-1.627354909531684157e+00
-1.120424906718897606e-01
-1.289518407131449607e+00
-6.719319171046548300e-01
-1.099567806512095069e+00
-1.443582669914535987e+00
-6.978454606900064139e-01
1.104303869451100095e-01
-1.282612435524281280e-01
1.395693489640612017e-01
-2.407513983862427098e-01
2.907603357327238555e-02
-3.967559149481654779e-01
-6.302253458966009525e-01
2.051758410514969294e-02
-1.134465409479202130e-01
2.909989908829398453e-01
-2.357910581599828859e-01
-6.899035862008766617e-01
2.333230777262673972e-01
-1.105636723713561587e+00
-1.173973127722289123e+00
-1.356774849277204709e+00
-8.353904624319770100e-01
-1.210461031270525067e+00
-1.465130000442651070e+00
-1.632267507285696473e+00
-9.407271755913940714e-01
-1.188674755638864600e+00
-1.321518172054876761e+00
-7.160803569994487194e-01
-1.482888454842716586e+00
-9.122412514663306993e-02
-6.241909113379480178e-01
-1.215725678596032866e+00
-3.818853770899850453e-01
2.507892425504306688e-01
2.865187169906813214e-01
-1.747139549794352320e-01
-1.456702997772638231e+00
3.140390528419538252e-01
-6.497735701697298083e-01
-8.373230816411088018e-01
2.208096923659856603e-01
1.791005092267819732e-01
3.975051319393733129e-01
-8.030257727430818449e-01
1.303383586054532550e+01
-2.731544294094478964e-02
1.131776381477064136e-02
1.739597956237119714e-01
-2.944712439413395000e-01
-5.930775384892584823e-01
-6.275328045326974413e-01
-1.476887342618461219e+00
-1.467088852620893391e+00
-1.417399403756336440e+00
-1.430228299881283194e+00
-2.049056254391853626e-01
-2.509288043096822296e-01
2.874851797559017583e-02
3.638812631788173602e-01
-4.245516343915096691e-01
-4.331148330529750040e-02
4.871525126758802227e-01
-5.513377501451447449e-01
-1.311677784007951431e+00
-2.726568982899661986e-01
-1.315513545530931028e+00
-8.886003852836008021e-02
-1.139414705532313166e+00
-1.468606902841535222e-01
-4.735683493082577522e-01
-7.542604162194385120e-01
-1.281588016672135844e+00
-6.857977889425111995e-01
-3.489950971765253818e-01
-1.384181692522085561e+00
-1.326780562699069188e+00
-3.578830823584041587e-01
-1.285583021525791070e+00
3.117745262417608854e-01
-1.349915788387795468e+00
9.443952534314679903e-02
-1.491036924214171333e-01
2.931127642678807432e-01
6.749665269501305132e-02
2.757789335696561595e-01
-2.194014837857589661e-01
-1.283116863077785885e-01
-1.015069773681270160e+00
-1.076189093109665082e-02
-1.345225735551794699e+00
6.458466701139235766e-02
-2.856681211571097667e-01
-3.543118673518801387e-01
3.635713748371761089e-01
-6.054252231855729027e-01
3.141179890870593461e-01
-1.299010765812989243e+00
-5.938014025799734918e-01
-1.510586387780319617e+00
-4.595175214661919028e-01
4.479901195484038354e-03
-1.455350658249837947e-01
-1.289016655257841482e+00
-1.381000227675845515e+00
-4.831020154908896025e-01
-2.023192018582944673e-01
-3.129945309889545224e-01
-8.852675046050928476e-01
-3.265008049851073069e-01
1.213504936156982322e-01
-3.339008502687317304e-01
3.552015052401068518e-01
4.039366699193751298e-02
-2.446628055379862776e-01
-2.400914889640091698e-01
-1.394838823834273711e+00
8.409847639644171813e-02
-1.495022747911418204e+00
-8.636079216249595847e-01
1.304778482575629717e+01
-2.702080119933251701e-01
-3.062047661776052809e-01
-1.354821396610053630e-01
-4.792785486865252520e-01
-4.694801942267324280e-01
1.303983976381384124e+01
2.501962736789327679e-01
-7.051906197940295273e-01
6.347109832915865946e-01
-2.361612313023140342e-01
8.406945079717199620e-01
-5.003804364614782285e-01
2.960746750263634208e-01
3.910678671535784412e-01
-3.112729478995559518e-01
-6.563176948438583791e-01
3.780774631093337668e-01
-6.473867917712863296e-01
-1.427400120346018042e+00
-1.308464883059836215e+00
-1.291482183850089838e+00
-8.001402066996219364e-01
-8.189143597817045983e-02
-4.342052344154767596e-01
3.170842443373496633e-01
-6.278952340424759360e-01
-6.413846031567581596e-01
-1.286849969837714713e+00
-4.894235573079541712e-01
-1.284515806022319406e+00
-1.253278105397149789e-01
-1.429521935538615729e+00
-6.206054129024269894e-01
-3.689044862452045548e-01
-1.185537986868156896e-01
-4.774562222508607623e-02
-3.427896481749090341e-01
-1.097002435563850242e-01
2.124883699304979112e-01
-2.777925235122831182e-01
-1.307554004931113401e+00
-7.615727944891281798e-01
-1.101207963217641472e+00
-1.076305321030989415e+00
-8.055762462368902810e-01
-1.508443117153110968e+00
-1.502875030267247336e+00
-7.976592847940690012e-01
-7.150259030376756586e-01
-6.306862964703079388e-01
-1.336720817912171455e+00
-6.078757892745783042e-01
-1.955334839861508911e-01
-1.709930664823064786e-02
-1.746971384190783017e-01
1.150362727372100657e-01
-3.111500988771303544e-01
-5.832817266693781644e-01
-1.485244438385088517e-01
-5.561334823496179025e-01
-8.256546349473677937e-01
2.380674884149716619e-02
-8.825574378709015733e-01
-3.205773517001380135e-01
-4.152420623599187843e-01
-5.051921721543118915e-01
-9.661118966463027036e-01
-6.934284386460097815e-01
-3.482545926779244128e-01
-5.502382643963743547e-01
-7.841892588927734664e-01
-1.285090720900806893e+00
3.606996907843962319e-01
-2.624291484553056830e-01
-9.542541867088141228e-01
-3.122426228425539407e-01
-1.294560894803385320e+00
-6.006128507396442107e-01
-1.310980649433521605e-01
-7.720914809263725864e-01
-6.488508632334375470e-01
-1.281881634669857162e+00
-3.986005194426495701e-01
2.089201747548520005e-01
-6.084496168418547235e-01
-6.309367770975065071e-01
-4.577103064695835499e-01
-1.302571328348746338e+00
-1.613208733552272123e-01
-1.234959185778308655e+00
1.995333751446896620e-01
2.237011898275115540e-01
-2.004402875675754536e-01
-1.430102363408655597e+00
-7.233716483164347455e-01
1.304259644464837464e+01
-8.283980251465271616e-01
-8.313806179016611786e-01
-1.296595787523014742e+00
-1.336313507975214421e+00
-1.299047074062099405e+00
-4.828614776194823932e-01
-1.434311347785179436e+00
-1.542638086987183632e+00
-1.763528329368803549e+00
-8.087744108598016179e-01
1.304363215772580276e+01
-2.915957489863985619e-01
-8.513173362134397459e-01
-6.176132013031946366e-01
-5.944413720797574463e-01
-4.605667088066774939e-01
-7.281991878772204885e-01
-1.738742292834823955e+00
-7.352136301834379939e-01
-1.210762704296230563e+00
-7.352174446126981122e-01
-1.342239388476152095e+00
-1.529599963673191898e-01
2.527588786024328460e-01
-1.397335605342190368e+00
-8.920155869673535021e-02
-1.456596123180170288e+00
-1.369958546980072800e+00
-1.297247819043883865e+00
-8.653712623946813176e-01
-1.281318951966710085e+00
-1.487515922609012664e+00
-1.452197283857949328e+00
-4.346031142758804977e-01
-2.017264332459598741e-01
-4.831832355588701056e-01
-1.404679873110591171e+00
-6.465619614115409863e-01
1.468525577580376273e-01
-8.149747458288797430e-01
-8.294327521450947094e-01
-7.409711769557275618e-01
-3.270011805275841454e-01
5.715946148515684833e-01
-1.311284361111855867e+00
-1.313720669688234644e+00
-1.886581931974471715e-01
-7.858131532754464299e-01
-6.102324183900754706e-01
-2.279735763004747950e-01
-1.253058670211613990e+00
-5.069507427347387518e-02
-1.018595001392588628e+00
1.044523260883962190e-01
7.465853330980687375e-02
-3.962569660708642472e-02
1.009683878153412873e-01
-4.623455532233834431e-01
-3.962804111477807867e-01
-1.226439765766048628e-01
-1.438111927878263252e+00
-3.874973193058647153e-02
-1.213127485562827679e-01
5.520684189286795100e-03
-1.486722693700703646e+00
2.256722703296807075e-01
-1.366007346142539713e+00
-1.471104297618986978e+00
-2.524285869548659189e-02
-4.056183443355864116e-01
-4.598516716716676278e-01
-1.682674120473889534e+00
-9.129059658545414513e-02
7.398818967706745353e-02
-1.716312220535536892e-01
-1.984200662779420365e-01
-2.192871635624021875e-01
-6.254624285462397904e-01
-6.617472533158518244e-01
-1.886989009638923853e-01
7.009344026837671660e-01
-1.935282999182129648e-01
-6.109760174037192071e-01
-1.304876381952378428e-01
-6.835435397859191964e-01
-4.702790069694938735e-01
1.308069662451682902e+01
2.808140330648685179e-01
-5.094141610572013867e-01
-3.254140783230145550e-01
-1.304290370587840031e-01
-1.423802365399148062e+00
1.028221915529483887e-01
-3.489870964162061773e-01
-1.401065198251493504e-01
-8.846458897655280762e-02
9.503610246985012833e-02
-3.526817026584045944e-01
-6.225858609796144361e-01
-8.111110382055339990e-04
-8.380119243749832858e-01
-2.156449952327860187e-01
2.833839446401814621e-01
-5.046099324715115353e-01
-1.347353131078085964e+00
-7.644340176410802101e-03
-6.631889107076565093e-01
-4.667784160836352392e-01
-8.817105428807608947e-01
-8.262568876772278248e-01
-8.741992878432537362e-01
-6.639028644426108183e-01
3.728584934850122656e-01
-2.238299278857783792e-01
-8.488858132705960902e-01
7.221203603046202901e-02
-1.137235687067534640e+00
2.380238494336331737e-02
-1.059098044515112358e+00
-7.599966454478617184e-01
-6.348405904433662705e-01
-8.792794115547146461e-02
9.515752105384978066e-01
-8.376252831970698587e-01
-8.290031616396670300e-01
-6.600194752539285670e-01
-6.240936289748832966e-01
-6.251467997153017375e-01
-5.260586131043510916e-01
-8.240059430293609211e-01
-9.047805539280894260e-01
-6.092832468541703461e-01
-1.391424070653315637e+00
-2.786579852672299573e-01
-7.680243829184179027e-01
-5.981925459326612460e-01
1.305007418448659173e+01
-5.569465463205494071e-01
-1.298820719932035628e+00
1.304412391096223267e+01
-6.140902015285134574e-01
1.304029902707340405e+01
4.397751501119275264e-01
-2.641575722164155038e-01
-6.485765137698270566e-01
-1.642580506288128239e-01
-9.107618874243368357e-01
-9.236503361532344414e-01
-6.942347066708918213e-01
-1.641196980962970509e+00
1.029695019420783786e-01
-8.914607257350060099e-02
-1.084893249265401094e+00
-1.348303719635870923e+00
2.075953283913951064e-01
-1.301298034262235337e+00
-8.270651790611258658e-01
-1.376508959626819406e+00
-9.415199764980493047e-01
-2.735317389967573121e-01
-7.747304580456539913e-01
-1.257695946342940463e+00
-1.281071339524439301e+00
-1.335661763869971486e+00
-1.475047182179312077e+00
-6.862031306967828481e-01
-6.165187374263002562e-01
-4.283827875649935946e-01
1.413138609671820700e-01
-1.404060458577354398e+00
-1.308886437517402079e+00
-6.709936037715933388e-01
-6.218928875634351927e-01
-4.872819686234952652e-01
-4.208046169282739779e-01
-2.646403500739250569e-01
-5.988493912519927687e-01
-1.214827380304070559e+00
-7.772710033301633015e-01
1.305510589326689797e+01
-6.770901963742470553e-02
-1.241567951311637552e+00
-4.442684689861531866e-01
-5.963422758978166316e-01
1.306318390329519907e+01
-4.784406215675224283e-01
1.307558097762489169e+01
-2.059434164346545248e-01
-1.077128898969826887e-01
-7.787750599479946745e-01
-7.217422858270121644e-01
-4.698638603415392079e-01
-3.661444157471016592e-01
-6.078788337173386402e-01
-6.375899501453918816e-02
1.307431027686907576e+01
-3.298483904963492863e-01
-3.330897676735834478e-01
-7.661798993230739541e-01
-6.609633206314682319e-01
-1.506334954803891790e-01
-1.791620111412131511e+00
-2.905106453321563698e-01
-6.211511408471888096e-01
-3.339886201405527499e-01
-4.036266652458201376e-01
1.309084069591977340e+01
-1.280842287199182472e+00
-8.323054607939670557e-01
-1.125492038825488317e+00
-2.264768843206140803e-01
1.304481969521199147e+01
1.305166605255270085e+01
-1.079409969355722421e+00
-7.562182886121926462e-01
1.298145990775655179e+01
-9.089894825596522843e-01
-5.711359436084879615e-01
-1.011988375609588209e-01
-1.347911494178070324e+00
-7.046523012291842081e-01
4.227996328301640294e-01
1.190546417057123940e-01
-4.620202486369240358e-02
-1.256590028881994225e+00
1.308449840226798244e+01
1.303851524519073379e+01
-7.219333322248786544e-01
1.304335700823600064e+01
-8.196837147735077655e-01
1.303840347570243452e+01
-7.480044696117096326e-01
-6.277939730504049631e-01
-4.096237293397203549e-01
1.308097243023662770e+01
1.305932820720250120e+01
-7.210483483479444011e-01
-6.341061789955021455e-01
1.305496335493474547e+01
-4.035649033158050791e-02
-7.154950308300679351e-01
-8.754688515889167411e-01
-7.601249578303101995e-01
1.305228137765771379e+01
-8.192298983628470976e-01
-1.263949936003996299e+00
1.304430707527952471e+01
1.305284255689396744e+01
-1.209117570684174137e+00
1.308203782538743276e+01
1.303350572271883223e+01
1.304631889649927778e+01
-6.211567129286879041e-01
-5.104083017366610742e-01
1.305268283675656349e+01
1.306884803431368525e+01
-1.860657525898111730e-01
1.303812437789400036e+01
1.305294110551476194e+01
1.308617111389677845e+01
1.308631615024457417e+01
1.309573737368756952e+01
1.306247382339315699e+01
-9.433841039588364286e-02
-3.320898407460735058e-01
-8.824151380478272300e-01
-8.551132887474095501e-01
-1.332616072066187929e+00
1.305778619225192649e+01
-1.402309328683940981e+00
-1.456659273653163833e+00
1.305569874970234778e+01
1.304336550123352900e+01
1.304471067044562282e+01
1.306166062887432489e+01
-5.994208070322537552e-01
1.305248254001791963e+01
-1.164055067123754172e+00
-6.790216515658579199e-01
5.532335763250528088e-03
1.306577982702696694e+01
-6.806222030207105256e-01
1.308474673662044907e+01
1.307712889539345724e+01
-1.298401614336463394e+00
-4.278231836348816985e-01
-1.079677028481070833e+00
-3.945443828543456211e-01
-1.398254352762784425e+00
-3.132637139978105001e-01
1.309322001000782087e+01
-1.164621246419380585e+00
1.299636145625477113e+01
-5.711402023358516100e-01
-1.552147565989846489e+00
1.306141429212656568e+01
-9.851366980754899805e-01
-1.517508756458421981e+00
-1.173021945989184411e+00
-7.670441463243068414e-01
-1.657628627188980630e+00
1.304991591201469703e+01
1.305667682451622547e+01
-1.529861201460121833e+00
1.308081108395471581e+01
-1.531071143659910039e+00
-7.138103366785337744e-01
1.304432631544324650e+01
1.305847132168266711e+01
1.305179186117673851e+01
-1.505510801873912285e+00
-1.425123930002280215e+00
1.305730636276380174e+01
1.308652687729741437e+01
-6.277392023996541948e-01
1.304015555643479374e+01
-1.328695703489445767e+00
1.307395331850250031e+01
-1.378581670376804347e+00
1.308318671657477061e+01
1.306592055972307520e+01
1.306085159646540106e+01
1.307441970943893317e+01
1.305154548247969437e+01
-6.844909151326156183e-01
-1.933023195109592196e-01
1.307305723297923628e+01
-8.321591888154842298e-01
-9.189327150966878355e-01
1.403466271196961124e+01
1.307087516645728797e+01
1.306762507601311185e+01
1.308233843645024841e+01
1.305522791851694464e+01
1.305259596127308441e+01
1.303044733382315101e+01
1.304615756567950058e+01
1.308001248301694019e+01
1.302856395979456394e+01
1.303784150335498815e+01
-2.015842015531775777e-01
1.304241282320277051e+01
-8.378473597184525890e-01
-1.029644280712557203e-01
1.303986338683576029e+01
9.403802294248944094e-01
1.304886016843325081e+01
1.404135866004434874e+01
1.307023804060321837e+01
1.303814424994507348e+01
-7.628400517611355625e-02
1.305820671950904810e+01
1.303338543118751858e+01
-5.616057012268105275e-02
1.305916164446287198e+01
1.305475441401947201e+01
-5.145799213201307509e-02
-5.454240026757880555e-01
-4.968259028824795198e-02
1.303849370460487478e+01
1.305491725538343317e+01
1.308019649677620322e+01
1.303297664458360217e+01
-1.193360701200464336e-01
1.305602105190491713e+01
-2.540260375001268667e-02
-6.145614417137912344e-02
1.303844756209137756e+01
1.306620875495231004e+01
1.305486159911016308e+01
-6.349275020047506768e-02
-5.466312519571847606e-02
1.303716853522881891e+01
1.304637656934118795e+01
1.307760987986158341e+01
1.307010319493148742e+01
1.308415611347125207e+01
1.305565279158173198e+01
1.303839998663804778e+01
1.303814769146048569e+01
1.404569547583055567e+01
1.305534753785674695e+01
1.307684701727971621e+01
1.307089718917410082e+01
1.305605354221235181e+01
1.304281052582151901e+01
1.303362007870831007e+01
1.302711886637803929e+01
1.403947547215125979e+01
1.304351351294221217e+01
1.305440240715841860e+01
1.303502573409120657e+01
1.305628470889911519e+01
1.308857512529276690e+01
-2.880156458664628882e-02
1.304929515300530696e+01
1.406374775467098814e+01
1.303730147809068285e+01
1.305252698982447512e+01
1.303244428458728343e+01
1.306355828293893850e+01
1.304546292358918613e+01
1.303486237378835888e+01
1.306301053942670443e+01
1.303146753411478365e+01
-9.484572023383242012e-01
1.306036264689597814e+01
1.304104976861526666e+01
1.306664545535771893e+01
1.303838592199707591e+01
1.309386336000420492e+01
1.404442005507549673e+01
1.303634683475569922e+01
1.303902192564418527e+01
1.305452814443979292e+01
1.303606712853959948e+01
1.305551912141786985e+01
1.303822518507594097e+01
1.305666483492152707e+01
1.304384912487347847e+01
1.308238028705069311e+01
1.306102867071453844e+01
1.300204027722269728e+01
-4.395005458667340381e-01
1.305462489310881935e+01
1.305885346727823482e+01
1.306365214541472319e+01
-2.947269980680459200e-01
1.405351661728993662e+01
1.307767925858268576e+01
-9.614801448107170856e-01
1.306613856268692508e+01
1.305524621263080221e+01
1.306242409811648386e+01
1.308262898146708686e+01
1.305912418525100804e+01
1.306599006691363130e+01
1.305825598808489829e+01
1.305521857393492269e+01
-8.072591294155436747e-01
1.303853530041469710e+01
1.306051253670945478e+01
1.304573938832201918e+01
1.305224595058808035e+01
1.306159472779849295e+01
-4.370030474109946050e-01
1.305022905276430478e+01
1.305924742996966970e+01
1.305655789272302414e+01
1.303544850450306924e+01
-4.152914623887903334e-01
1.307445874175025047e+01
1.304650086716126189e+01
1.304798105892555071e+01
1.307551698002187557e+01
1.308506370429045340e+01
-8.038081983210595416e-01
1.306399840055074257e+01
1.306062162020660722e+01
1.509410493502931239e+01
1.304032742352017316e+01
1.308516619956467864e+01
1.304635276170308877e+01
1.304842766963292355e+01
-4.462647324372873703e-01
1.308197475517210506e+01
1.305128813851102620e+01
1.304809079573937858e+01
-4.392512796896953509e-01
-4.135373665694109802e-01
1.307192002757130211e+01
1.305587542309150351e+01
1.304991026214833028e+01
1.305704101351639146e+01
1.305523913633614086e+01
1.403690030827736024e+01
1.306196603200849538e+01
1.305813537373972899e+01
1.307826068708892109e+01
1.306777237161838912e+01
1.305452880076467714e+01
1.304193277953206653e+01
1.306999110684197518e+01
1.306152463355014781e+01
1.408351559767189976e+01
1.303167613781786294e+01
1.308818233075646553e+01
1.307262206659114234e+01
1.405418418113659129e+01
1.305937318561331040e+01
1.303860402017706477e+01
1.312814078406527152e+01
1.304196836394196168e+01
1.303355963591791777e+01
1.306241824417942965e+01
1.304096998124759743e+01
1.305256416950273568e+01
1.303650943994897204e+01
1.304396145531144846e+01
1.306397684040421581e+01
1.305110968445594821e+01
1.305630451789676982e+01
1.303837597626525202e+01
1.304539349665556713e+01
1.308951950711536227e+01
1.306531706958250716e+01
1.304867179624221762e+01
1.308224504778324260e+01
1.308147713769984755e+01
1.304967560944679761e+01
1.304614205427047757e+01
1.305722304957170721e+01
1.304531970330387125e+01
1.303218097252150542e+01
1.304570998686926764e+01
1.306259452700941637e+01
1.304470068090551393e+01
1.311774448864330900e+01
1.304566543875690954e+01
1.303899817532573024e+01
1.308334757917950952e+01
1.306426790099085267e+01
1.305076200644476003e+01
1.305388135353041079e+01
1.304546415304078621e+01
1.305355659857445438e+01
1.304192525018271098e+01
1.307986892756713715e+01
1.304526414502817566e+01
-4.093834494911301469e-01
1.305808434477835434e+01
1.307197558747306587e+01
1.303559474710394639e+01
1.305251385300755018e+01
1.304970582153029035e+01
1.306985226548116152e+01
1.303771136630050265e+01
1.304948001119880097e+01
-8.168021271210511580e-01
1.307862732966389530e+01
1.303367046791737316e+01
1.309181699735881033e+01
1.301411872907573652e+01
1.306001913054414310e+01
1.305199023411488923e+01
1.403573967738525141e+01
1.306225796350788748e+01
1.303204523452528107e+01
1.307195582982257065e+01
1.304787200009478276e+01
1.304965895307567258e+01
1.408179758872653942e+01
1.404070559857785661e+01
1.304246978075518193e+01
1.304739901486328435e+01
1.305417900581058177e+01
1.306944749782450899e+01
1.303288930336236717e+01
1.303621116852677986e+01
1.303495120211430880e+01
1.306178978767646903e+01
1.303889877583924850e+01
1.306082094614832556e+01
1.303848446696348518e+01
1.307452698854897477e+01
1.303786744892469152e+01
-5.110735277640376939e-01
1.307144842111247840e+01
1.304955766060812650e+01
1.305032846355900134e+01
1.304907107052903470e+01
1.307705938671155366e+01
1.304662348162336727e+01
1.306206681400851366e+01
1.303648452156794590e+01
1.303734265222648325e+01
-4.161752244850018823e-01
1.304961599657087845e+01
-3.970835603455863394e-01
1.304869645148194834e+01
1.304273753095805688e+01
1.305283864617281431e+01
1.302510477680743861e+01
1.306194861750518932e+01
1.306662272467900365e+01
1.304035535818037062e+01
1.305287079062359190e+01
1.304181889224984303e+01
1.303609672567120015e+01
1.305392405113181020e+01
1.305439749633592328e+01
1.303929310840512734e+01
1.312351133499196010e+01
1.305979328217846813e+01
1.307940066777801569e+01
1.305253745363897622e+01
1.306789928937741152e+01
1.505604950910465867e+01
1.303698976202201365e+01
1.309587236504095387e+01
1.304620141399898792e+01
1.305984341309770258e+01
1.305566729492877442e+01
1.305701688420658790e+01
1.307174203192398032e+01
1.304947606830868345e+01
1.306712054517622157e+01
1.303726301314974911e+01
1.305262604768162582e+01
1.303807802700050189e+01
1.303360691682426875e+01
1.304201811210006667e+01
1.304193273157500244e+01
1.303748461378985546e+01
-4.360594818200935752e-01
1.306569659059375610e+01
1.308403801070504890e+01
1.305942129769307058e+01
1.304044787333012323e+01
1.307938947622431236e+01
1.303719879840908646e+01
1.304114211158287162e+01
1.306010714511873161e+01
1.306114505993922492e+01
1.304040479545130182e+01
1.304820858935284811e+01
1.304338906183345159e+01
1.305086694175991191e+01
1.305276331613609742e+01
1.307379554991296366e+01
1.306506386141514753e+01
1.307798344413285285e+01
1.304547750439372145e+01
1.407019750882450637e+01
1.304203934619060945e+01
1.305789963447909940e+01
1.306732082255209093e+01
-3.999042303371332929e-01
1.306550026986850099e+01
1.299978125271807272e+01
1.305811538912548642e+01
1.304206910282844589e+01
1.304224287384561087e+01
1.304391521038863111e+01
1.307259315982176773e+01
1.405904217049223526e+01
1.306088605432237415e+01
1.304595593445699109e+01
1.404548606341812444e+01
1.303488705057129415e+01
1.306210095886357436e+01
1.307068922825363622e+01
1.308630130595034302e+01
1.305315088455592409e+01
-5.388792205261624391e-01
1.307925925870535444e+01
1.302718595575425553e+01
1.303003655778777770e+01
1.305495019692081371e+01
1.305303277299892706e+01
1.306441948122984797e+01
1.303679614390823005e+01
1.303698641796134794e+01
-4.251342952586276702e-01
-3.309438826263531030e-01
1.304729648377009532e+01
1.305985153663915099e+01
1.304343502319993320e+01
1.304736072135702507e+01
1.305276899599131823e+01
1.303051437831715731e+01
1.304146420199574763e+01
-5.107096498356598069e-01
1.305026340457794376e+01
1.306470910958393361e+01
1.306187487032753225e+01
1.304874599191702877e+01
1.305263655684714763e+01
1.305630356967341754e+01
1.303050922245828502e+01
1.406567511334377230e+01
1.304455491278829271e+01
1.307183374036358003e+01
1.308427906996825918e+01
1.306674870706824976e+01
1.305091236952486966e+01
1.306359157337098864e+01
1.306964671744771778e+01
1.304666417287108970e+01
1.306683061035950644e+01
-8.193359733239646836e-03
1.305200857107028511e+01
1.303507757487886565e+01
-7.908254586139593645e-01
1.307023277524720051e+01
1.303859606754540934e+01
1.305096307990106297e+01
1.504379089260727653e+01
1.305723270019509741e+01
1.404364246059852661e+01
-4.611784477489478951e-01
1.301909890180596641e+01
1.308836048897848769e+01
1.307081135036932906e+01
1.302985400522193871e+01
1.314639890604274264e+01
1.307047505326402081e+01
1.305939824869381738e+01
1.305104129970116489e+01
1.307506444999006945e+01
1.307562201629268017e+01
1.303238289046202070e+01
1.307881243571714869e+01
1.305384806174874157e+01
1.304519415255889214e+01
1.306684094940979080e+01
1.405381918394902740e+01
1.306189095334868888e+01
1.304522290746554525e+01
1.306770632541529409e+01
1.305212148483398238e+01
1.304536737630010990e+01
1.306414512077573775e+01
1.306829832604227448e+01
1.303411831691515488e+01
1.307537076124817332e+01
1.304169853036150784e+01
1.307193259179495115e+01
1.307472035412577505e+01
1.304925599558750804e+01
1.309328608287435181e+01
1.308443703870105068e+01
1.305695515412359953e+01
1.307057504767076495e+01
1.307083023841631864e+01
1.305744879923552482e+01
1.304431670155331346e+01
1.304127657131145845e+01
1.304975144270748366e+01
1.307730676062767472e+01
1.303578367158145745e+01
1.304329328620576334e+01
1.304773850565447546e+01
-4.270958172718585244e-01
1.306092968245268437e+01
1.304825785815586947e+01
1.305762759655053884e+01
1.308993104097022986e+01
1.308112574142111839e+01
1.304365058738422078e+01
1.305723745469841113e+01
1.304307126167287123e+01
1.305696364439486068e+01
1.305348941110854355e+01
1.306176893503278968e+01
1.304217553667497498e+01
1.055155036149374226e+00
1.307534688918655874e+01
1.303839592871037922e+01
1.304714869213665196e+01
1.300601761037061621e+01
1.305942340337023033e+01
1.305195532767709032e+01
1.306626858012201531e+01
1.405432068673036383e+01
-3.907996964133927387e-01
1.305532281568638631e+01
1.305166658112233335e+01
1.306497076962576465e+01
1.306917313546430393e+01
1.304798346651492480e+01
1.305590920121338705e+01
1.304481941327667727e+01
1.307968186307080316e+01
1.303334698489155841e+01
1.307722175408181897e+01
1.308131316850374759e+01
1.307588553374856311e+01
1.308550136201694869e+01
