-1.238251059872889970e+00
-5.874303059609913280e-01
-6.846120604678880284e-01
-1.334020539884290812e+00
-4.124566711196414603e-01
-1.318706229422442533e+00
-6.678028377084586076e-01
-8.110661474890926703e-01
-1.782923258236883690e+00
-4.063244632138292012e-01
-8.411980582759932545e-01
-6.647174306234642227e-01
5.390109968111617134e-01
-1.909332204919804432e-01
-7.550313815152156494e-01
-8.406258408058080167e-02
-5.853043666828428027e-02
-8.302114971823291167e-01
-1.525294136982360271e-01
-1.514839394726219535e+00
-7.256837015691754988e-01
-9.968554361623682691e-02
-9.076916528387632965e-01
-3.870205848937389170e-01
-7.424283871778092347e-01
-1.629557165574656852e-01
8.402994622531141378e-01
-8.195120252973675523e-01
1.307991551896693316e+01
1.307471754631581362e+01
1.306982150108303742e+01
1.303874631357795799e+01
-3.477989806937809014e-02
-3.654625776950926053e-02
1.306449498811147159e+01
-1.608267542291728303e+00
-6.346385658471080937e-01
-7.418874455729884687e-01
-1.331154630872632971e+00
1.304950235917573487e+01
-2.921704276823351432e-01
1.308340382087197540e+01
-1.606129370431470083e+00
8.443563082020486554e-01
1.304634083519725607e+01
1.306605667436719465e+01
1.306098678202515728e+01
1.304719010347244357e+01
1.303599179376313444e+01
-7.757862032669404773e-02
-2.623842238405031946e-01
1.306529324977174866e+01
-7.660713126344820267e-02
1.304814470817920125e+01
1.304900711832601345e+01
1.305622230413153773e+01
1.306087748901943613e+01
-7.037790256702569636e-02
-7.998631105554399046e-02
-9.573632849662636612e-01
-1.616723131371888833e-02
1.308628822350833509e+01
-3.389714115789133064e-02
-4.547964733187970232e-02
1.305092193806459022e+01
1.300808418747530482e+01
1.305565142084880748e+01
1.307187334940331525e+01
-6.693277531063868135e-02
-1.093636786143163953e-01
-8.478377185406582583e-02
-5.892329267495943768e-02
-6.836313004697325280e-02
-6.521107138546822224e-02
1.307217634748454493e+01
-3.454207823830257595e-02
-1.113547814709605621e-01
-7.987582095603906751e-03
-1.634775001391076676e-01
1.305173209596103234e+01
1.308566432070714392e+01
-1.116418112261510220e-01
1.308283473359680293e+01
-8.026365893027664900e-02
1.307548791793066201e+01
1.304708584046078812e+01
-5.308167560776702043e-01
1.303423936901622504e+01
-7.821085220828500884e-01
-8.647153289588471736e-02
1.303185927688529944e+01
1.306941408455693043e+01
-1.152085533686544316e-01
1.304829909692093182e+01
1.306758485889071153e+01
1.305020499446221827e+01
1.306657310016902152e+01
1.306198888499507049e+01
1.305551379182890770e+01
1.309590154514446780e+01
1.306110912900066445e+01
1.303878426058058970e+01
-8.265366060045391539e-01
1.303023765983302162e+01
1.304203162001121541e+01
1.299283308427751926e+01
1.303363585053876150e+01
1.306541660654177761e+01
1.303816398750407046e+01
-1.210131039579320777e-01
1.308216331001848687e+01
1.307099493557677761e+01
-4.962578298296838053e-02
1.310040659837412669e+01
1.303563952705476225e+01
1.303284961939451847e+01
1.308583051047126844e+01
-9.613942511331530216e-02
1.304392681797160947e+01
-1.116619995869873039e-01
1.305454388197604487e+01
1.404748012289319448e+01
1.304226003263231348e+01
1.303927264942081443e+01
-6.032303719552789545e-02
1.301410202077423683e+01
1.304364359749157209e+01
1.303077929872840990e+01
1.307024810206623400e+01
1.307959306319139614e+01
1.305978831597157175e+01
1.304071272827729899e+01
1.304578388328967975e+01
-1.223482816877016210e-01
1.305088002185751961e+01
1.302071601119597943e+01
1.303767694825990731e+01
1.305320254573297589e+01
1.304608491286754557e+01
1.305748441305497032e+01
1.305378309199430475e+01
1.303827549915546236e+01
1.305934882237411898e+01
1.305785881040590013e+01
1.404074934329021218e+01
1.304677817912182292e+01
1.306442366311921965e+01
1.304584778664516165e+01
1.305362825857998743e+01
1.302157332374883936e+01
1.304476447406661777e+01
1.307000168309289911e+01
1.305406175994388462e+01
1.305892344189887666e+01
1.304158173985213764e+01
1.306662380640974597e+01
1.304053600010700542e+01
1.305671532080953590e+01
1.303677434354450426e+01
1.305700433897026258e+01
1.306266729368567070e+01
1.303903507891266855e+01
1.306599154446967503e+01
1.304345209670659855e+01
1.304749312639211922e+01
-4.777419896897956431e-01
1.304274941208082339e+01
1.303526570695778020e+01
1.305704520508367494e+01
1.304698400050630624e+01
-4.466984320738027758e-01
1.305481313768323659e+01
1.304694306903736134e+01
1.303853644506943077e+01
1.302918067020670456e+01
1.305318604772158508e+01
1.304486089829400619e+01
1.304456505659249999e+01
1.304406406252069317e+01
1.298545939076677058e+01
1.304187933304573832e+01
1.308249305686256214e+01
1.305468962552659207e+01
1.304377121399050665e+01
1.304377370781309509e+01
1.304839052666575583e+01
1.305157127487364654e+01
1.303548042224435832e+01
1.309182316014262604e+01
1.306263702357334289e+01
1.306071520949497256e+01
1.305530614912222376e+01
1.304254375005373845e+01
1.306740184199787613e+01
1.304994486033394452e+01
1.304621584266878109e+01
1.305080844536717954e+01
1.304528576463770406e+01
1.306181520756481618e+01
1.304803436954871643e+01
1.304414142824043488e+01
-6.763297294814183402e-01
1.304888126590976150e+01
-7.524094881898484299e-01
1.306551894913112122e+01
1.305024884114785166e+01
1.303901802606872451e+01
1.304295092316211502e+01
1.308055536464529212e+01
1.306103797412493961e+01
1.303682400260487562e+01
1.308650856043238342e+01
1.304506347096276109e+01
1.303587661251573238e+01
1.305519304117706980e+01
1.305095874095066222e+01
1.304081226891635836e+01
1.304127198595515935e+01
1.304500420119197379e+01
1.304955665053512348e+01
-8.377561434293019360e-01
1.305273207276180614e+01
1.304913352431939799e+01
1.303750791004557108e+01
1.404967766282129737e+01
1.303098894915067163e+01
1.306940371141449297e+01
1.306450744006993858e+01
1.304197839866168884e+01
1.305170384410299178e+01
1.307071621175122722e+01
1.304382110508426251e+01
1.301991017422217212e+01
1.303501577267079092e+01
1.304167916605595678e+01
1.305150016517849920e+01
1.304156129419074084e+01
-9.343294764494824989e-02
1.304195456157629351e+01
1.305781961566239779e+01
1.307973847215985153e+01
1.307352494041342794e+01
1.307349793815236794e+01
1.305324253763366471e+01
1.304537915622590205e+01
1.303350140821519432e+01
1.304842602682294839e+01
1.304314594737171795e+01
1.305330315100659888e+01
1.305621922346017527e+01
1.303375077485500810e+01
1.304030291587806545e+01
1.306308728940672736e+01
1.308808540710090185e+01
1.303642193203604371e+01
1.303064032260632921e+01
1.304052062229202669e+01
1.306314427337060913e+01
1.305177361503963773e+01
1.303717593997481572e+01
1.305177823132607884e+01
-1.278658828628249866e+00
1.305309343849241976e+01
-1.286892922047340626e+00
-1.345839194803878591e+00
-1.592057040771444498e+00
1.303967630540756062e+01
1.304023924215882602e+01
1.305074151014758144e+01
1.305383162945395981e+01
1.304777508107601847e+01
1.406703513729206279e+01
1.304508661701357042e+01
1.305393877777592060e+01
-2.850134440043841089e-01
1.303756611783822272e+01
1.304167885433768248e+01
1.304167049735817940e+01
1.305624310681778866e+01
1.304993235124067930e+01
1.304900795528982549e+01
1.403626759881330344e+01
1.303937775131441335e+01
1.304492113225485639e+01
1.303854341992337496e+01
1.303708096548184336e+01
1.305571948393953008e+01
1.304532820501037804e+01
1.309150676068584929e+01
1.303341620265929279e+01
1.305491437490537798e+01
1.304235363872933995e+01
1.304400257729024659e+01
1.306908760872737396e+01
1.303549805897833735e+01
1.404156009843886821e+01
1.303250263447093715e+01
1.304483915229572588e+01
-3.691919023066067007e-01
1.302517470682217393e+01
1.303938985583909194e+01
1.303353773990508913e+01
1.306386298042295202e+01
1.306741793674847507e+01
1.305089542734850028e+01
1.306675840706382630e+01
1.305553885471802822e+01
1.302523956406973937e+01
1.304207531929999497e+01
1.305209209910012191e+01
1.305238297579510842e+01
1.302761686554008236e+01
1.304826582773016952e+01
1.303794366630017265e+01
1.400788329226826079e+01
1.304623493815966029e+01
1.304228019752649637e+01
1.304277399841002705e+01
1.305132539228170430e+01
-8.629360696329464453e-01
-3.873232321413356827e-01
1.306268718834173548e+01
1.305060370268356529e+01
1.304918999478119801e+01
1.304295227185969530e+01
1.405424613134533374e+01
1.303997803834981895e+01
1.305399563029197552e+01
1.305025293710266965e+01
1.304939703380021854e+01
-3.835900807237621057e-01
-3.405843066217977277e-01
1.305159421804458120e+01
1.300306898850460868e+01
1.304446634654791382e+01
1.304067165432193676e+01
1.303084752047504224e+01
1.304971370832183197e+01
1.305476525283789968e+01
1.405189382917474639e+01
1.304936253502598298e+01
1.304077101469112243e+01
1.305378761274349486e+01
1.304012518052344305e+01
-7.144418492614557081e-02
1.303753519897442281e+01
1.307870489525005553e+01
1.304377259664946287e+01
1.303483833206527187e+01
1.305320284644463946e+01
1.306057881884119354e+01
1.304000402445995555e+01
1.307793982444162495e+01
1.308627042951814445e+01
1.305445234355891593e+01
-4.982880829636227027e-02
1.302752581749504124e+01
-1.354445710081176868e-01
1.304680496833863401e+01
1.303679383236054079e+01
1.306140141763844298e+01
-1.061335625497821233e-01
1.304816066611435232e+01
-9.024381569317674323e-01
1.305106741561633044e+01
1.307626647378431350e+01
-5.163953089435935340e-02
1.304050591699818362e+01
1.303907893303612475e+01
-4.060701042859724552e-01
-2.098797353089575379e-01
-1.720673723271937128e-01
-1.975866149402015770e-01
-4.239510560238715087e-01
1.305372262512790016e+01
-5.819513713844304270e-02
1.305250238683381525e+01
-7.246802305993815807e-02
-1.111033023085415961e-01
1.304161534326534877e+01
-5.943089273613277879e-02
1.305041085954811209e+01
-1.048636421777461303e-01
1.300530211097882827e+01
-1.153603404444369929e-01
1.304261624375198281e+01
1.304559444649385114e+01
1.304184065687828564e+01
-4.317038140154788595e-01
-1.076860006245407009e-01
1.302993455710810800e+01
-1.416702182163793733e-01
1.305422134289757174e+01
-2.906374360053417538e-01
1.306344180540056144e+01
-1.943163014540236766e-01
-3.973770467072853529e-01
1.303471433042003724e+01
-2.525998590132274568e-01
-4.248689767787616756e-02
7.716680051843626265e-01
9.334679015909254085e-01
7.456081820974844732e-01
-9.637286981806936215e-02
6.111282240567769142e-01
-2.702857231482723721e-01
7.454334788927025057e-01
-2.503431857642692826e-01
-2.294917507508130727e-01
7.565193364793547648e-01
-2.121305824818595642e-01
-1.882880478735645680e-01
-2.893296353169719781e-01
7.062254769326323789e-01
7.870493244297117608e-01
7.554031644488133912e-01
-2.740644666638480942e-01
-8.865987937846586675e-02
7.370317529881241780e-01
-1.972511972629026333e-01
-2.869995552412744066e-01
-2.352469252762128260e-01
-2.002383736590664931e-01
-1.151641834166412526e-01
-2.285829216982416812e-01
-2.045051120757693797e-01
-2.470570056937709813e-01
8.180659185686084411e-01
7.887092854775362705e-01
-1.890469382824792044e-01
-1.189874910395019025e-01
7.178424817439970074e-01
-2.982507186546681233e-01
-5.582678521033614949e-01
8.442470370869638030e-01
1.303501727878861516e+01
7.660614596511746699e-01
-3.911565345627924239e-01
-6.998649356491508655e-01
-3.205793965321969141e-01
-3.395003200658072151e-01
-3.636037610871457604e-01
8.174214779956970878e-01
-3.253059992847698867e-01
6.622496098504304651e-01
6.775380449863152021e-01
-4.546262154452648252e-01
6.562019062948383219e-01
-1.748323714857299427e-01
-3.282751385972986213e-01
-4.037748192298949990e-01
-1.935484953016396448e-01
7.488735504899736162e-01
-7.830706225093683193e-01
-8.922423954712017657e-01
-4.782786698159234851e-01
-7.660582161452955674e-02
7.377466375221682915e-01
7.688678401642669025e-01
7.538062138457639616e-01
7.960015962791910926e-01
-2.837114170770710375e-01
-1.602304293772380817e-01
5.438704144461339318e-01
-3.725226761359621275e-01
9.372575197384777068e-01
-2.919804966213507269e-01
-6.049430551818857360e-02
-9.364591912188575673e-01
-2.739203538998412624e-01
-9.607266246438650459e-02
-5.669566227027189598e-02
-6.185167291775859333e-01
-1.645465920586423048e-01
-2.744565388916089255e-01
5.932478898600781481e-01
-3.205659465594253854e-01
7.163124972552112890e-01
-1.151812055907552867e-01
-8.313868835289571768e-01
-1.446292953737496889e-01
-2.185264681663235953e-01
6.246030408083209640e-01
-5.634959148944167495e-01
8.576533689062885157e-01
-3.887154158128468540e-01
-1.555383530120671987e-01
6.966219327482238155e-01
3.795491610002330041e-01
-6.553758510533642667e-01
6.755801623534151146e-01
-4.841510605327381533e-02
-9.609668078506954370e-01
5.026549167980521871e-01
1.303630913301015681e+01
-2.180739920028023082e-01
-8.060880935001039083e-01
-2.515027767753386101e-01
-1.126757692902508046e-01
-8.552280720863070229e-02
-1.161160064700602623e-01
8.728937065956740016e-01
-1.217851568222281244e-01
-2.355020212677799707e-01
-9.109437927239184551e-01
-8.700505092881657410e-01
-6.568592356560232215e-02
-2.010600122892517438e-01
-1.744913969394682463e-01
-8.139622722425232659e-02
-1.061916736098027503e-01
-9.936600769416847889e-02
-7.587171464782715979e-02
1.304873050155315184e+01
-6.604186881340612381e-02
1.302807439499864017e+01
-4.251089254276929630e-02
-7.693545065353613044e-02
-6.319867932314782166e-02
-8.315842828599272485e-01
-2.389997251350588492e-01
-1.030308517461001605e-01
-1.128971945174489511e-01
-9.120812200737054010e-01
-7.558366254076431812e-02
-1.042529727644218029e-01
-9.401200081860383584e-02
-1.155201242030551301e-01
-6.999728286363848806e-01
-1.033884108469632634e-01
-6.387789087943508415e-01
-9.580449988332184752e-02
-9.838564915642533659e-02
-1.114257646358736142e-01
-1.011856335492322678e-01
-1.073451328752979661e+00
8.813190702519476671e-01
-9.755131049102505614e-01
-1.062361544646424294e+00
-9.742274507719950183e-02
-2.653779870407594887e-01
-2.008128699695588271e-01
-5.627630280473173707e-01
-3.445200936711068085e-02
6.083225403577663393e-01
-1.055132466012435044e-01
-9.399912354404038606e-02
-1.079987004993040900e+00
-1.058245566896743872e-01
-5.548833284541265787e-02
-2.551882991484000218e-01
-7.904068603660716619e-01
-8.206842887345611182e-02
-1.104245894874669176e-01
9.682889462488086796e-01
-9.737650802292574514e-02
-3.818745135207989305e-01
-5.129403429547982896e-01
-1.509188488019936880e-01
-5.060096143835968174e-02
-4.402430729427710965e-01
-4.818093923642660092e-01
-7.441584947357613444e-01
-4.803122994755817388e-01
9.078052926122188726e-01
-2.562271165627166836e-01
-1.696534689866080470e-03
-3.244215208424916508e-02
-1.002582667648717729e+00
-7.972978655708373719e-02
-6.525270573593474621e-01
-7.174514652393230163e-01
-1.593499844753413885e+00
-3.518847764306055614e-01
-8.361364534680039151e-01
-3.545801624053860346e-01
-3.621283713167989804e-01
-5.474953186632163238e-01
-1.357769253037113266e-01
-7.667970906064802694e-01
-3.799010094394466019e-01
-9.864653411680091022e-02
-8.080515879926846168e-01
-3.215059821435386489e-01
-9.454329855873133681e-02
-9.468288451511364112e-01
-2.098018681921237638e-01
1.303526041603217678e+01
-2.368767879549721345e-01
-2.583601003669753204e-01
-9.168038641340425787e-02
-6.270151268081458618e-02
-5.335318637773925898e-01
-4.449592254835197380e-01
-2.763796252500109185e-01
8.565120280048355017e-01
1.299908508753513381e+01
-1.742393871389680271e-01
1.303420077782354802e+01
-5.423281699566251390e-02
-4.514192253200617344e-01
-4.552820515854130168e-01
-4.660949313901863178e-02
-1.832528306204110891e-01
-6.497894353709038340e-01
-1.051687494115817190e-01
-6.852715552774979457e-02
-1.591705973113567429e-01
-3.215060390163458903e-01
-5.764140354694546886e-02
-9.625770106357893763e-01
-9.201544088620849937e-02
8.504469193741450717e-01
-1.868581031107050539e-01
1.774459384483451307e+00
-8.617181852289124144e-01
-2.196001119568768978e-02
-6.414183299490228141e-02
1.303456607415412627e+01
7.920075533621051544e-01
4.199488387955230828e-01
8.858189650031779161e-01
-7.776838394857266135e-02
1.303168047581221778e+01
1.304391261470417440e+01
-8.994362266844596610e-01
1.304177002636571281e+01
6.624319828401059596e-04
-3.135304130535832012e-02
-9.333983089396719057e-01
-7.186583220011393269e-01
-1.228110236843482639e-01
-5.220020166955918750e-02
-1.075422767562759230e-01
-7.731907585505903846e-02
-7.486088777378685499e-02
-8.245102132326764810e-02
-2.547876117229139759e-01
1.305534560444865022e+01
1.308395576409775529e+01
-9.878037953950524752e-01
-4.734766035338823231e-01
-7.600943018504058291e-02
-1.074254222670482095e-01
1.307859913836072252e+01
-2.879763451278278819e-01
1.305076890997140460e+01
-2.081603626329485701e-01
-1.007091410814917598e-01
-1.707196800173186313e-01
-4.958603038944177088e-01
-9.184914278033151636e-02
-1.465332684124872609e-01
1.305701284055428957e+01
-1.104278526359065982e-01
-6.082725678497014066e-02
1.304312320232526545e+01
1.305479808010132459e+01
-7.943955739264652038e-02
-6.184697745374819755e-01
1.305663644876859664e+01
-1.801704912290739147e-01
-1.397250962203707703e-01
-6.032400630976726408e-01
-1.262118336531947715e-01
-8.150337102559190861e-02
-1.483590233332013897e-01
-1.040304038410752030e-01
-6.835521067037964027e-02
-7.975679772642263465e-02
-5.865682230336899394e-02
-7.594181832967072943e-02
-1.041470956168599749e-01
-4.463274083120327695e-02
-5.749852759194562513e-02
-7.922464355758940258e-02
1.305217232201778721e+01
1.404787620152999494e+01
-7.020438812673224227e-02
-1.516134562293920407e-01
-6.730473594671726456e-02
-1.420088217629869032e-01
1.305172766619542202e+01
-6.199190424965106416e-02
-6.986579636312235664e-01
-2.820284480547208261e-02
-2.593779890145830880e-02
1.303990122217125958e+01
-6.608781277406947652e-01
-3.803178212729685370e-03
-5.794015264646823482e-02
-1.770899424807172995e-01
1.306478215657098296e+01
1.304017294109257463e+01
-1.592623452488828306e-01
-1.325324976855455361e-01
-9.996840560759401306e-02
1.403707031299225960e+01
-4.983869380261563009e-02
1.304156583454975582e+01
-1.581089842635827747e-01
-4.602341415793276269e-02
-2.302353880432272959e-02
1.306757246722129473e+01
8.996781982001472722e-01
-1.458650242568527711e-01
-3.993074088351307172e-01
-1.718096181251345111e-01
1.306315975365948567e+01
-5.199188970013257638e-02
-8.517935830275835674e-02
-1.177652889141318493e-01
-1.474273468899445216e-01
-1.541601920032712458e-01
-8.414800416974421715e-02
9.578881859917609543e-01
-1.959689361911436389e-01
-5.968335976546279564e-01
-2.467850812038860919e-01
-1.950170855696520267e-02
-5.590329049869247058e-02
-6.241324118450741754e-02
-6.566082470283474137e-02
8.980353748121026047e-01
1.304344823171112822e+01
-8.602700034145061014e-02
-9.454244006918832710e-02
1.306518709629937192e+01
1.304210711602029882e+01
1.304275572476766243e+01
1.303916878266842971e+01
-9.711031778155487793e-02
-1.572599415175885973e-01
1.306383937974519505e+01
-5.838587906808584416e-01
-4.656562587505663764e-02
-8.717747006129183962e-02
-4.196814799270304208e-01
1.306275931758905884e+01
1.499100579390399979e-02
1.404917287627906219e+01
1.304394128735548009e+01
1.305821060636751341e+01
1.306762701537737392e+01
1.307940694624715761e+01
1.303495654257311998e+01
-5.411002954546040300e-02
-4.070709325077148666e-01
1.305946308495107111e+01
-1.727438244327451633e-01
-7.692673371057057174e-02
-5.253266478154217101e-02
-4.175615475941785171e-02
1.305124155017989551e+01
1.305278919690531580e+01
-4.160160608062214438e-01
1.302697218919680822e+01
1.302901209361147750e+01
1.306890911657611198e+01
1.304506300726721690e+01
1.307454139598386256e+01
-8.162776129619730980e-02
1.307275946491885321e+01
1.307446444169634248e+01
1.304222725425774421e+01
1.309043251273288533e+01
1.305197403087074903e+01
-4.079450310313637029e-01
1.307935022101723277e+01
1.305712378027553555e+01
1.306540542867425891e+01
1.306641921119273952e+01
1.303671843974870370e+01
1.304989671401918372e+01
1.305629145147692327e+01
1.407726213890084743e+01
-4.561961039465625145e-01
-9.263217880994464304e-01
-4.512052265018018371e-01
-6.848312731512973262e-02
-4.951174654333101444e-02
-3.481603929700061162e-02
1.306289206852088824e+01
1.306296309018807733e+01
1.306473833512279725e+01
1.305618191412544782e+01
-4.105445871158714954e-01
1.308279731069065832e+01
1.308004196085328630e+01
-9.633668612866719272e-02
-2.719851742325054555e-01
-6.077202378696600071e-02
-3.565565094042080219e-01
-1.069490300626222412e-01
1.303158794129497089e+01
1.305468871583512680e+01
1.305378348887024487e+01
1.304951595750140214e+01
1.304442135946416670e+01
1.406549509175535029e+01
1.305303635579947041e+01
-4.272906700217139475e-01
1.306048434336511299e+01
1.303546643575815622e+01
1.304437910844434256e+01
-4.596223600050434177e-01
1.303261172727961892e+01
1.303145621227696438e+01
-4.080256276883528210e-01
1.303441257510455920e+01
1.403012723947762375e+01
4.639481760432051516e-03
1.303806335488786772e+01
1.305699451271505396e+01
1.304120368149680331e+01
1.306998681538236085e+01
1.307647489142691910e+01
1.303604660705717500e+01
-9.955789244494417378e-02
1.306009106165707401e+01
1.304703949044105116e+01
1.304476800261665304e+01
1.306549999162497855e+01
1.304480593459629922e+01
1.402949636606613737e+01
1.306290467940021216e+01
1.305170102887084305e+01
1.303808411608183526e+01
1.304783504721495646e+01
1.304964690723940279e+01
1.304114565793264369e+01
1.311109162513768744e+01
1.304040433824967593e+01
1.304608572446087678e+01
1.304098627559445944e+01
1.301375369439231378e+01
1.305860667642102158e+01
-6.511913940180402705e-02
1.404401570763278784e+01
1.305753055311387989e+01
1.304832664569688205e+01
1.304035093895872421e+01
1.307285557378906127e+01
1.307433671542696985e+01
1.305653354332130078e+01
1.405140601928680510e+01
1.306039777939329838e+01
1.307079176099598072e+01
1.303134624582111911e+01
1.307185881084677348e+01
1.306276265069968012e+01
1.305701105818012309e+01
1.303823686261578629e+01
1.503948333812399696e+01
-8.424870436374853888e-02
1.304678735099125042e+01
1.305333837524876728e+01
1.306945899649947762e+01
1.304469267799255938e+01
-3.691271504238770040e-01
1.304786271965591737e+01
-4.112795385636855983e-01
1.306713025134789774e+01
1.307616106397263778e+01
1.306560914158420417e+01
1.304304331433788455e+01
1.308658895590453852e+01
1.304810306644032991e+01
1.306973884460560598e+01
1.304108864635048803e+01
1.304433197569880498e+01
1.307421487561179418e+01
1.306898769639955304e+01
1.304593047109114679e+01
1.308411613327305290e+01
1.305586827652370552e+01
1.304716413731640401e+01
1.303622367574124219e+01
1.304262716445844461e+01
1.306415250824516505e+01
1.306817838453211955e+01
1.303512995962229581e+01
1.305481053218644227e+01
1.303820783579630138e+01
1.303283533459438459e+01
1.305002285071939383e+01
1.303673545959080826e+01
1.308844756006877219e+01
-4.479398080593679499e-01
1.304972518090240108e+01
1.305737558004251753e+01
1.306361521187163710e+01
1.303820584840957864e+01
1.306053362304004395e+01
1.306988655109479325e+01
1.305592896201270747e+01
1.304816100172204330e+01
1.305899269594257639e+01
1.307036496550286486e+01
1.305702128994071742e+01
1.304326004141546669e+01
1.306263730658631417e+01
-3.970297569956368067e-01
-4.187665511107372396e-01
1.306404983719582802e+01
1.306442505456110936e+01
1.306877552007493648e+01
1.305263922743836957e+01
1.305263596678446802e+01
1.306200518301256430e+01
1.306172956446648037e+01
1.304286168710950733e+01
1.305654696091910516e+01
1.305368897644888193e+01
-4.363197659087695301e-01
-4.285874143813734882e-01
-4.166023886049121661e-01
1.306217005776973572e+01
1.306413892937212751e+01
1.305271982959436095e+01
1.307711036929664417e+01
1.304529408871610485e+01
1.306534622738841556e+01
1.306778413619492696e+01
1.303279666007745163e+01
1.305306771847138947e+01
1.309210513533387577e+01
1.306737593448643509e+01
1.304772276205201109e+01
1.305380572953868246e+01
1.304726396205356487e+01
1.308850571693080056e+01
1.306023214807756005e+01
1.306750160279488071e+01
1.306329424303209485e+01
1.304630318381638965e+01
1.303630954599693226e+01
1.305661163129144242e+01
1.305299099563726095e+01
1.306439492650586764e+01
1.306341892447325392e+01
1.406881099382809808e+01
1.303813869847735774e+01
1.307026842386988186e+01
1.308139042667338003e+01
1.306192686154195393e+01
1.304262499125058028e+01
1.305068297685865630e+01
-3.966540856458893316e-01
1.305107850119638968e+01
1.303908671438545852e+01
1.303483779516181329e+01
1.305781259256269067e+01
-3.911667928766857649e-01
1.305771410908120878e+01
1.305485563127402315e+01
1.307679722218066054e+01
1.305081082339831688e+01
1.305508123097186690e+01
1.304794802795630915e+01
1.309007202080402621e+01
1.305066331794791346e+01
1.308449984959349877e+01
-4.180171250727598986e-01
1.308270605028677025e+01
-7.664362393266006546e-01
1.308084546651437563e+01
1.306843190244519093e+01
1.303386590083752949e+01
1.308272191764263681e+01
1.304337552836684822e+01
1.306812881236222168e+01
1.308527440069885373e+01
1.308215670731813418e+01
1.306214090325827826e+01
1.305845281372897837e+01
1.306687826408087005e+01
1.306134546246955708e+01
1.309274814060087166e+01
1.310321613311276323e+01
1.307050052868061840e+01
1.309752308340293325e+01
1.306444158183223614e+01
1.308327620729748908e+01
1.305060719668124491e+01
1.306095479025926487e+01
1.305632670535306517e+01
1.305839583900151268e+01
1.310621809057832010e+01
1.304314793281429274e+01
1.306943276973720813e+01
1.306481067799131424e+01
1.308572032340558877e+01
1.307684874497909888e+01
1.307974336085614553e+01
1.308552803697830669e+01
1.305000458676934372e+01
1.303630996012604548e+01
1.304743018982018654e+01
1.305718419652946416e+01
1.303666282495548501e+01
1.306112859070364962e+01
1.304288379887316651e+01
-1.432145942505264058e-01
1.307648499005770759e+01
1.306808754105869852e+01
1.309469695666706457e+01
1.307914534641606075e+01
1.307146412416566505e+01
1.306481376481580092e+01
1.305085204186319636e+01
1.305188255750378445e+01
1.306832974441906003e+01
1.308024606955579472e+01
1.307627909375831621e+01
1.306956501625821332e+01
1.303936255967671443e+01
1.309018676758872246e+01
1.305588538136894350e+01
1.305739089714209911e+01
1.306476582132740560e+01
-3.899828042072407408e-01
1.306349548936740845e+01
1.307748778559825631e+01
1.308214156217746194e+01
1.305382596415080698e+01
1.309109813589662785e+01
-5.944247689679513780e-01
1.307047649341192752e+01
1.306464367786608705e+01
