-1.116700019281423817e+00
-4.025237455887852311e-01
-1.574712619917923995e+00
-7.665302384684340442e-01
1.306519248913702924e+01
-1.073289462604882560e+00
-1.319495732556184686e+00
-1.301136751254721613e+00
-1.915405358901719701e+00
-1.087175189900048133e+00
-7.919247975518345362e-01
-2.004663903780239842e+00
-1.354584849752792142e+00
-2.881222038402767027e-01
-1.253259129592810828e+00
-1.434686677657223797e+00
-7.372667267093716559e-01
-1.799355805087074156e+00
-1.402366486781638222e-01
-1.273226272987495189e-01
-2.132929002899628390e-01
4.891403972825925650e-01
6.371165195173100759e-01
-3.486859107514524991e-01
-6.411719231071162373e-01
7.487502597248365532e-01
-3.658806083618603155e-01
1.303754774446105102e+01
-6.326579199351067828e-01
-4.644772516894385417e-01
-6.669586851966808894e-01
-2.023664688283446367e-01
-6.820151589525148550e-01
-5.846820765150869681e-01
-6.569610451435985432e-01
-5.878281761209426248e-01
-3.308483902339544036e-01
-6.448275544732959830e-01
-1.896177999353713117e-01
-6.014042264819049466e-01
-6.912938436031115241e-01
-2.666395536950239009e-01
-4.128957842834217740e-01
-6.873423736232127101e-01
-7.063128752896007390e-01
-6.791979168932009703e-01
-4.385907394742853960e-01
-2.750046459519441822e-01
-6.152228294849858559e-01
-7.298270943331141014e-01
-7.186837931505294375e-01
-6.350597773603212648e-01
-7.250945158807819979e-01
-1.127795239087933110e-01
-3.676528517575318178e-01
-2.179158273737759055e-01
4.134063605821718390e-01
-2.487903842073525551e-01
-2.636343563277863122e-01
-2.757067766824212729e-01
-6.407526266496665901e-01
-1.783986004108611967e-01
5.247627420705943679e-01
-3.338040780279923903e-01
-3.248693668753335206e-01
-6.244696772415936348e-02
-2.280425525983195145e-01
-3.636066471666871136e-01
-1.891943654828730503e-01
1.309965772110010107e+01
-2.072934540209235843e-01
1.300472437660138780e+01
-1.136046116108791804e+00
1.307022254029385522e+01
-3.353000027981027920e-01
1.305353778590045266e+01
-7.324643440363944880e-01
-2.131312025520119002e-01
1.307229343819857270e+01
1.305953998289155038e+01
1.305182524193053517e+01
1.305968520633927099e+01
1.305674767614751097e+01
1.307481626198137548e+01
-7.214270915843835619e-01
1.302931226568904322e+01
1.405361652705418862e+01
1.309590378732032967e+01
1.304881912961328361e+01
1.305126241608875048e+01
1.304943252154872368e+01
1.303785067426412958e+01
1.304085596578790174e+01
1.404029302248217270e+01
-6.989739450382763675e-01
-6.175972737102330967e-02
1.306453095988777413e+01
-8.630566258052285722e-01
1.308998547228499554e+01
-8.115832965782832087e-02
1.303882655715212024e+01
1.306744136188880034e+01
1.304050766290271568e+01
1.303644911114703220e+01
-1.254798858285537388e-01
1.308717275272608305e+01
1.303710534545476740e+01
1.310762159380155545e+01
1.304575879292171159e+01
1.306093162191053025e+01
1.304614441145580095e+01
1.304375393266038330e+01
1.306709331212297975e+01
1.303936216176212426e+01
1.305196997146942373e+01
-5.097414097101111707e-01
1.304631299413240697e+01
-5.088872664076462549e-01
1.304967037901447746e+01
1.305030245180657289e+01
-6.898611952102993161e-01
1.304383256103107414e+01
1.303754350106431481e+01
1.304650072143292583e+01
1.303153426204243104e+01
1.305442696857612006e+01
1.305198178008905074e+01
1.306103774670761553e+01
1.305472339740583720e+01
1.307853500473326491e+01
1.306019788301893492e+01
1.304043679536600919e+01
1.305597830252247604e+01
1.305290478865929771e+01
1.303553948029984966e+01
1.307590257739228079e+01
1.304097269573518858e+01
1.305157827466044296e+01
1.304258194381926828e+01
1.305010558610329952e+01
1.305654762558867787e+01
1.309919868567439849e+01
1.304361544736932998e+01
1.305333308590237351e+01
1.304365993596492501e+01
1.305512238234041433e+01
1.306088987078022257e+01
1.303746424154957140e+01
1.306144787928062101e+01
-3.824691848444203846e-01
1.305761391127467697e+01
1.309971348799756363e+01
-1.920271543481655296e-01
1.311273311243144590e+01
-4.052921125245351197e-01
1.303762273829304164e+01
1.304397269150251759e+01
1.304982925708006469e+01
1.304759469267710870e+01
1.303176349309003967e+01
1.303783000571449158e+01
1.306008037827335855e+01
-8.147208524174340827e-01
1.307216613667331551e+01
1.303835068921910434e+01
1.304090624520396346e+01
-8.286774520252226939e-01
1.305082833847199808e+01
1.304220972356388764e+01
1.304664714473632969e+01
-7.425916854496732444e-01
1.304728183342884051e+01
1.404951808974069394e+01
1.305161964156707199e+01
1.306472508767122065e+01
1.305306046610903969e+01
-3.768537975410236607e-01
1.307232419106090049e+01
1.304125887936361394e+01
1.304464951729726785e+01
1.303823256696094290e+01
1.304249296861746998e+01
1.301238561590422194e+01
1.304611281166254955e+01
1.305626480422694513e+01
1.305965231827692996e+01
1.306492194729807110e+01
1.304763222656619703e+01
1.303417896522945796e+01
1.304292001418297708e+01
1.303811464820680399e+01
1.304065989852506036e+01
1.305237655733998636e+01
1.303997766635670530e+01
1.303585716326268695e+01
1.304716719821696280e+01
1.305151184753156102e+01
1.403510338422742265e+01
1.301000726302665988e+01
1.306523673537200381e+01
1.307025692469947842e+01
1.305879351803066868e+01
1.303031922159069822e+01
1.308254903803299030e+01
1.304850120764679033e+01
1.410906485470698080e+01
1.404131320399196525e+01
1.307139318432291830e+01
1.305408838475421618e+01
1.304689019371426539e+01
1.306569118545015407e+01
1.300917088734285088e+01
1.403987011084755210e+01
1.407555364053293800e+01
1.306339507504821640e+01
1.303932177684473004e+01
-8.416060001485258235e-01
1.306029363006502209e+01
1.403645750339314802e+01
1.306592384877515478e+01
1.306217508414683515e+01
1.405341773285492835e+01
1.305183682601894013e+01
1.305403848560924907e+01
-3.597919424136934996e-01
1.303855740759142101e+01
1.306077401780997604e+01
1.303166659167320773e+01
1.303793359630441451e+01
1.303761578000566423e+01
1.304811655526758685e+01
1.302995431473710397e+01
-2.390708038653396317e-01
1.305450995620879340e+01
1.302605439211694360e+01
1.307027977467729052e+01
1.305465657432958437e+01
1.403844730825306542e+01
1.304497216926424485e+01
1.304184520512427170e+01
1.303405308376249572e+01
1.304983036189132051e+01
1.303918518766158030e+01
1.303581143949390686e+01
1.305314996456703724e+01
1.304460562975918236e+01
1.303622809937661486e+01
1.305673820164997068e+01
1.304293209634854733e+01
1.304650139131639719e+01
1.304755537962680911e+01
1.305303185526082821e+01
1.305035585931489450e+01
1.303906918184669195e+01
1.306122182389677100e+01
1.304459978129656506e+01
1.406277399055635513e+01
1.305786627593113991e+01
1.303800866825929283e+01
1.303658220185857886e+01
1.305536086679912344e+01
1.304396471363824972e+01
1.304238307547747411e+01
1.306814905265605731e+01
1.304965545652532555e+01
1.503628241866215198e+01
1.304602020729707235e+01
1.304207774167475264e+01
1.505150672806064094e+01
1.305873736711867394e+01
1.404871878909505156e+01
1.303608625732463366e+01
1.307483187126147861e+01
1.304888691673575707e+01
1.305005297904335393e+01
1.304386164883669252e+01
1.303871567985819446e+01
1.305561124328150413e+01
1.305467730287155703e+01
1.304131864597072976e+01
1.304730557487244980e+01
1.303561668924773542e+01
1.305575228355307082e+01
1.307192120563496118e+01
1.303794373911878424e+01
1.303549902650588521e+01
1.303449582021634257e+01
1.307526997621712894e+01
1.305285770483597219e+01
-8.010564569401643631e-01
1.404183769767666234e+01
1.403927342177137128e+01
1.304352198188451872e+01
1.305992731078502089e+01
1.304506068941818597e+01
1.303562610514833153e+01
1.304094914564135799e+01
1.304843019763598733e+01
-2.889666989406269870e-02
1.304900476187348346e+01
1.304925163542231914e+01
1.300554321890592036e+01
1.304489522688500358e+01
1.303650704735279220e+01
1.303745221479197625e+01
1.403531208682583653e+01
1.304126558202199426e+01
1.304938922626383935e+01
1.305652754630211732e+01
9.486617939615804573e-04
1.302908548012486811e+01
1.303672049061346350e+01
1.303962899389618713e+01
1.304835929040745768e+01
1.304676244288302911e+01
1.304366234435354599e+01
1.305134386117135037e+01
1.304462662736501954e+01
1.304083313316098724e+01
1.305001031760413355e+01
8.480333200316514386e-01
1.303897393492799317e+01
-2.131499312908116117e-01
1.305864593816643549e+01
1.303879388951636464e+01
-3.278061219313064267e-01
1.306606911649761216e+01
7.409868443903394608e-01
1.304199021416827620e+01
1.304699935056053661e+01
1.305592572298501963e+01
1.304783657933111840e+01
1.306927348508892628e+01
1.305028668261172520e+01
1.304189729070750836e+01
8.765755999446026570e-01
-4.444111375547949994e-01
9.357866791780671267e-01
1.305230215295010865e+01
1.304275594061966892e+01
-3.839512001576341760e-01
9.319448766311370091e-01
9.263282437334627861e-01
-2.274898288074787001e-01
1.303149427717307418e+01
1.304832173788369154e+01
9.152444302125796183e-01
9.292597889516269749e-01
1.304484322680825770e+01
1.307011661954135562e+01
1.407487051642953091e+01
1.304099007177800118e+01
1.302905261117748204e+01
-4.960625325932472851e-01
7.361804412955965660e-01
-9.967354765459324195e-01
-1.838430567815957373e-01
7.460560728649445750e-01
1.305840339213993850e+01
1.303881971033443321e+01
-3.041574060028012783e-01
-3.962491840396814569e-01
1.302893497577756143e+01
-1.984741191380001712e-01
-1.864037233066997423e-01
5.564545161355280989e-01
8.104131849489653039e-01
1.305713581981373927e+01
9.294776725077760204e-01
1.304821357464983755e+01
1.588803232073471738e+00
8.200544184839009265e-01
1.305007523066431041e+01
5.792975487686863323e-01
-2.425628206796209829e-01
-1.823841177236215083e-01
-2.400881292978818138e-01
1.304823531993527830e+01
-2.008821499553716805e-01
6.362797977341957401e-01
-1.762856329690454249e-01
-1.964503674975679459e-01
9.929574233768789782e-01
-1.705446969393321632e-01
1.303616752916630261e+01
1.302481972258612863e+01
1.303284514077529188e+01
1.305476519432821547e+01
1.304292482987204593e+01
-1.951509543775120648e-01
1.303250921791187444e+01
7.619507451645806118e-01
1.306480627438436670e+01
-1.943086137373729594e-01
2.031644671402071722e+00
8.296297785161136362e-01
1.303826888024358865e+01
1.304902813707951736e+01
8.979816389142540878e-01
7.966806682144624840e-01
1.304206435695948585e+01
1.307421458038461815e+01
1.308584806804516099e+01
1.300401349021109532e+01
-4.347171729214704960e-02
1.305341913975934354e+01
1.305242774426212726e+01
-8.601381966252241718e-02
1.304713463697644116e+01
1.306955704707291410e+01
1.306960811983078763e+01
1.307568551126488465e+01
-8.176219469230738834e-02
-5.261450599140551354e-01
1.404419802221107538e+01
1.307321636167240975e+01
-1.221810690831268698e-01
1.404897505070868746e+01
1.309518792934120768e+01
1.304394301566739856e+01
1.403872347279167343e+01
-8.452121138564494540e-02
-6.779688002599091323e-01
-1.031339821447759819e-01
1.306074462085840437e+01
1.304135284127500682e+01
1.305556383919914865e+01
-1.165200634080041375e-01
-1.176562032738863728e-01
-4.816987070953580030e-01
-7.626926245925946812e-02
1.408450732947973094e+01
-1.052571056866100641e-01
1.303992983961490992e+01
1.302197739306041235e+01
1.305332142585707800e+01
-8.729973073219843283e-02
1.305685315389796486e+01
1.408436051304743586e+01
-7.894947093728954535e-02
-9.571312669044462762e-02
1.305859282422160206e+01
-8.448040094360009800e-02
1.308082839349855320e+01
1.304669234834436153e+01
1.306940621304270778e+01
1.304916632731307580e+01
-5.088778520532269978e-01
1.307971855317935095e+01
1.304557778083312769e+01
1.312980229558264966e+01
1.304982989756924461e+01
1.306286016611001877e+01
-6.929064284341579505e-01
1.306544632178191101e+01
1.306935689955267144e+01
1.305760551329556662e+01
1.404033543695848074e+01
-9.415432271322987656e-02
1.406325988969713769e+01
1.305038330299026050e+01
1.308916781661221407e+01
1.306825838701368880e+01
1.306462540978299458e+01
1.306554903111768695e+01
1.303857613865385545e+01
1.304829250441898481e+01
1.307832666768657326e+01
1.309482599662037750e+01
1.406238135438422709e+01
1.308401409115045411e+01
1.305920034080113723e+01
1.307782916263214545e+01
1.407807875636193096e+01
1.307167577717249785e+01
1.306768526072426795e+01
1.306340777032758105e+01
1.304355490702329234e+01
1.303430779479157664e+01
1.306997975478558516e+01
1.306518021490738946e+01
1.307528537930132551e+01
1.306417840054562518e+01
1.307791827629724679e+01
1.306047281509767721e+01
1.304511218140502393e+01
1.303364732164994777e+01
1.305170932339864542e+01
1.305854753213144726e+01
1.305288812768047180e+01
1.306062331768234053e+01
1.305631504098165507e+01
-4.684343597259159608e-01
1.306832555505546622e+01
1.307949250213829373e+01
1.303935041142644380e+01
1.305486140352173408e+01
1.306534278718684661e+01
1.309008369107060155e+01
1.305901147340587443e+01
1.305661883720179972e+01
1.308288308100352282e+01
1.309120962466511173e+01
1.305609990226006545e+01
1.303054153186014297e+01
1.305196242984857946e+01
1.304586951258322536e+01
1.306220185028206515e+01
1.305659776324010579e+01
1.306183056693756050e+01
1.305693980163512435e+01
1.307193275705824576e+01
-6.602905102879780275e-01
1.304865086015999864e+01
1.305414315694174121e+01
-4.189326455697702789e-01
1.304551699012018418e+01
1.306929099421913598e+01
1.304163129498599716e+01
-1.666250283854063818e-01
1.305548888227026616e+01
1.303583285066209285e+01
1.404107502461334533e+01
1.306903146595936960e+01
1.304362743393755864e+01
1.305033614563675926e+01
1.505039949929378373e+01
1.304497271205328524e+01
1.304888695316111935e+01
1.304359759701844013e+01
1.307447254720475271e+01
1.304454221993727359e+01
1.304283497564029304e+01
1.303871510987172400e+01
1.305061407854132938e+01
1.306076165745912121e+01
1.305051272169309229e+01
1.905772504189445327e+00
1.307120749681147309e+01
1.310425932474709576e+01
1.403938207176266317e+01
1.306718992959322279e+01
1.306076072105340025e+01
1.302963814763337247e+01
1.305269782807503987e+01
1.305193025438857646e+01
1.303984575571116267e+01
1.306763797407085370e+01
1.307155420019337377e+01
1.305468117525883009e+01
1.303195055139017455e+01
1.306489459370183681e+01
1.304258271985230877e+01
1.307316928104212650e+01
1.407562050335931758e+01
1.306444713538170888e+01
1.306308201507529176e+01
1.305426252470961757e+01
1.303650478203783081e+01
1.303610592870551699e+01
1.304116667818063036e+01
1.309754455482513968e+01
1.306008277917920424e+01
1.305271303810405037e+01
1.307198647748819376e+01
1.307453163034545440e+01
1.306083896097409180e+01
1.303295862593457244e+01
1.305151626860438085e+01
1.308473561030436372e+01
1.306127765559381793e+01
1.308579125623246853e+01
1.305208347336739649e+01
1.307322258465143783e+01
1.306001428081695437e+01
1.304769613510217496e+01
-2.523186616346947408e-01
1.304710352170231680e+01
1.303963830154883752e+01
1.409716258993989868e+01
1.305096910390335907e+01
1.306433604583908981e+01
1.305303028348381034e+01
1.310216143244215559e+01
1.307029742884217605e+01
1.307488830525378987e+01
1.303564893542362313e+01
1.507137568683372564e+01
1.307092818840256321e+01
1.307514843306310581e+01
1.303464436339401544e+01
1.308780009932343802e+01
1.310229734986144479e+01
1.306074021065039759e+01
1.305745188582733540e+01
1.308623893861599896e+01
9.535694071332510013e-01
1.305367511916141154e+01
1.304525867865985589e+01
1.405892437246037119e+01
1.305871006549569202e+01
1.306192316825381461e+01
1.308322520716096804e+01
1.306124043385105971e+01
1.305375292876766480e+01
1.304142487891810198e+01
-1.880965282446702691e-01
1.308374614748828257e+01
1.305774796544274707e+01
1.306461818693161980e+01
1.308412609881759359e+01
1.307670342085917881e+01
1.307986424532138336e+01
-4.551494503062883945e-01
1.307878069832782231e+01
-4.257481902712587640e-01
1.306024755499050016e+01
1.304943120886387931e+01
1.305777664302529928e+01
1.303699134923449066e+01
1.307859300706388872e+01
1.307179871629519141e+01
1.301608672937575761e+01
1.306100550232019941e+01
1.306888975320116231e+01
1.309669364988429763e+01
1.306530431658236147e+01
1.302364346666542616e+01
1.403660550726082690e+01
1.304517197893799185e+01
1.304852778367322585e+01
-7.129828965946332087e-01
1.306334464740842094e+01
1.301299611650198607e+01
1.305487551289055403e+01
1.304568830814103109e+01
1.305929476085053054e+01
1.306349623165727891e+01
1.309680420469164375e+01
1.305138464295085576e+01
1.309767820244945113e+01
1.306509660930661099e+01
1.304413573860810160e+01
1.306145254907910669e+01
1.308883896682276671e+01
1.306714270674015310e+01
1.307680480077041096e+01
1.404660423125022461e+01
1.306449575214976377e+01
1.303966415468648776e+01
1.306790277879437667e+01
1.406241344594030096e+01
1.306037437240925314e+01
1.304136703307815282e+01
1.306098970926410985e+01
1.306879580800142904e+01
1.305441320161940943e+01
1.308766274179713740e+01
1.307051084771994098e+01
1.307430855557904437e+01
1.306861771591688992e+01
1.305498575730475963e+01
1.304949116839420320e+01
1.303964715708200828e+01
1.306216444790422315e+01
1.306478707479512025e+01
1.302776690223655898e+01
1.307168742962927155e+01
1.305477295543425953e+01
1.304372100767518461e+01
1.304237721484586920e+01
1.306095835367119662e+01
1.306320770942356191e+01
1.304676556875254789e+01
1.308617013306985832e+01
1.306884818478876653e+01
1.307518576931023446e+01
1.305460504290432766e+01
1.309867968429309570e+01
1.306238436491927146e+01
1.309885503007106422e+01
1.304848106626419124e+01
1.304730857740272754e+01
1.304262673312538823e+01
1.303770531072855121e+01
1.303525201229321873e+01
1.308554251652407885e+01
1.308560897869190143e+01
1.305233159316662395e+01
1.304218884345426943e+01
1.305880301728195647e+01
1.307286682122381194e+01
1.304625200019374631e+01
1.305377230748128525e+01
1.303625683641405431e+01
1.306230980882893533e+01
1.305731840457982962e+01
1.304968609135114122e+01
1.306248987466313949e+01
1.403478319541171970e+01
1.407720765465300161e+01
1.306748767424581992e+01
1.303440380079477379e+01
1.312513017655660086e+01
1.308033737533231644e+01
1.304541076011353340e+01
1.305159489909402737e+01
1.303008659448033413e+01
1.306301366954844489e+01
1.306139452409398416e+01
1.306976016335717716e+01
1.407954119316851838e+01
1.302127789521997059e+01
1.307747960014666866e+01
1.304423380229536811e+01
1.304459474958616028e+01
1.307478497843460019e+01
1.305709478973640536e+01
1.304599619353511741e+01
1.305727707613980115e+01
1.305561885946210410e+01
1.305596826668158705e+01
1.505892654058754943e+01
1.305176763393262718e+01
1.304926191805473579e+01
1.307359094983205949e+01
1.310619993503041769e+01
1.309161529874826257e+01
1.303673326775666830e+01
1.306132858618192927e+01
1.306612862314240431e+01
1.305189077713501611e+01
1.307466263185616739e+01
-5.931221999173774684e-02
1.307898564363537375e+01
1.307878708561141679e+01
1.306791866296049420e+01
1.306190556326658125e+01
1.305988453895966650e+01
1.303998601743556307e+01
1.305354353009699864e+01
1.306879097076586405e+01
1.305489635238413015e+01
1.308104410384571281e+01
1.303081766209206194e+01
1.305328466796245834e+01
1.305343821496927248e+01
1.305165438715516935e+01
1.305705980568254709e+01
1.304545420779477283e+01
1.305260774749240582e+01
1.305718990632317400e+01
1.305824496916489785e+01
1.306312320805263028e+01
1.303900256262692992e+01
1.303826194892732104e+01
1.306901777663934716e+01
1.308097720721949031e+01
1.306392652894227879e+01
1.306298966656961191e+01
1.306587275589815000e+01
1.305329497837835717e+01
1.305359844839744987e+01
1.303786823764091274e+01
-3.931362737345801550e-01
1.303432118833661768e+01
1.307013509556104580e+01
1.305172726460652299e+01
1.304916469827122505e+01
1.310068749551782474e+01
1.305610516597642423e+01
1.302389622923363710e+01
1.304073243607101595e+01
1.305152320007897160e+01
1.304957821209376156e+01
1.305883933008296083e+01
1.304539801538540189e+01
1.306901930154599434e+01
1.307146948636129835e+01
1.305531117146940900e+01
1.305307051131495300e+01
1.039493922670786663e+00
1.503231769042846722e+01
1.303126697120002930e+01
1.306920536888902973e+01
1.305143461971627872e+01
1.307292658462604962e+01
1.307962606181226484e+01
1.303130984220767452e+01
1.304634594909118128e+01
1.304402590519700134e+01
1.306023618033761302e+01
-1.569378459938786108e-01
1.305745751508204933e+01
1.305826606287479841e+01
1.305553278300191344e+01
1.307085595475124151e+01
1.307255032777620229e+01
1.305802804680389428e+01
1.303924249207417674e+01
1.305590730083236473e+01
1.305316000237892560e+01
1.308300589041414774e+01
1.307587908089256956e+01
1.304613266457283416e+01
1.306762700916118014e+01
1.308432694714726274e+01
1.304093896690737431e+01
1.304134625914350387e+01
1.306764042781135338e+01
1.306393153480202329e+01
1.307939437816682116e+01
-2.738165737231696983e-01
1.305277113960273638e+01
1.307584551896421488e+01
1.305112630926777939e+01
1.306035655752737767e+01
1.307606618736044446e+01
1.305074895331211593e+01
1.304185792891778917e+01
1.305284802780310827e+01
1.308758458244650846e+01
1.305754992472373743e+01
-1.245552888237612121e-01
1.302645085251457857e+01
1.309340927721449788e+01
1.308834171492759779e+01
1.304067465769567136e+01
1.303509572235288871e+01
1.306628349424306990e+01
1.308743078337037247e+01
1.303756988875050205e+01
1.309169391131960225e+01
1.304382568918095942e+01
1.304626822918045015e+01
1.306504192438714718e+01
-9.652740915083946049e-01
-8.954893419258611598e-01
1.306520436281003583e+01
1.304664178694595478e+01
1.305600549310346636e+01
1.309234841266496119e+01
-3.724460761809335052e-01
1.307143274301947145e+01
1.306411354136871417e+01
1.308722210795376917e+01
1.306306407461421415e+01
1.306785022750413106e+01
1.305739475332703847e+01
1.304984508126679010e+01
1.309109934437174871e+01
1.303524901985110240e+01
1.305968443106948129e+01
1.307708453393641967e+01
1.302872076301245485e+01
1.304357691429022026e+01
1.306642277250165307e+01
1.308716004134704747e+01
1.304251254418773520e+01
1.305231427018458845e+01
1.303442845464526911e+01
1.305155528993742031e+01
1.308918701632139836e+01
1.307014119314174749e+01
1.307306321579547159e+01
1.305024388225544030e+01
1.307901895463395192e+01
1.308655117577923832e+01
1.304280681400111064e+01
1.306535182299348463e+01
-3.590695724689285662e-03
1.307752526327915632e+01
1.309279946062797606e+01
1.306704989972544162e+01
1.308670190580595438e+01
1.307097891244834287e+01
1.307425671586903348e+01
-8.177002706706996138e-01
1.305949081082539109e+01
1.307684346570255229e+01
1.306338465038509788e+01
1.306421266060641884e+01
1.307102416451520099e+01
1.304508383977549713e+01
1.309119334505756171e+01
1.305949012723420566e+01
1.305537064231500821e+01
1.306239391817934248e+01
1.306378599349280734e+01
-3.089391794678386649e-02
1.306274806289099111e+01
1.307238575381247614e+01
1.304070853073299219e+01
1.304638409100333796e+01
1.305607036970057067e+01
1.309406533550092178e+01
1.305342463516304363e+01
1.307562615066399836e+01
1.306132683886147561e+01
-3.951144977190318430e-01
1.309198402646879345e+01
1.303727662450007863e+01
1.306694016876523534e+01
1.302353151400010134e+01
1.307245893068519038e+01
1.305485214864201282e+01
1.307172692521009694e+01
1.305934692724205703e+01
-7.421865268470413390e-01
1.405957566233977474e+01
1.306908939732653252e+01
1.304613003065918875e+01
1.305628105336373501e+01
1.307724316328556213e+01
1.306014820957673628e+01
-4.143670174808167239e-01
1.304908717838501175e+01
1.305329938611322760e+01
1.305276604673187890e+01
1.413572832967332360e+01
1.307046005890557794e+01
1.306456992044060073e+01
-1.336916473312880216e-01
1.307719442049194924e+01
1.308959480077167825e+01
1.307044857886732103e+01
1.305393761369703043e+01
1.304901735337332269e+01
1.303403874227814541e+01
1.307758018925956378e+01
1.304287513315024682e+01
1.307617910911235271e+01
1.307553281714009330e+01
1.304956693571810433e+01
1.305000721032672928e+01
1.308883631520329160e+01
1.304625754856504471e+01
-3.971303235388907726e-01
1.304095133899997982e+01
1.306276025986678491e+01
1.307330390708389523e+01
1.305505672297423025e+01
1.306976333599564200e+01
1.306300139702732821e+01
1.308080304080242762e+01
1.305035932093477768e+01
1.306736846153261844e+01
1.304782753806667905e+01
1.305118078714642493e+01
1.307123205717758374e+01
1.304883860545456642e+01
-7.524577383503079364e-01
1.304961288733786162e+01
1.308779389994661280e+01
1.307011260842568667e+01
1.306427318736535703e+01
1.306226338199206793e+01
1.304519992152309982e+01
1.308114747495595864e+01
1.305055084720973468e+01
1.305807649094039924e+01
1.306392406561699815e+01
1.305650610359702490e+01
1.305649255356838623e+01
1.304845856950100824e+01
1.307059011501890566e+01
1.304946322725042407e+01
-7.372080495617202578e-01
1.302931154973502359e+01
1.304935391476142215e+01
1.309685663593743854e+01
1.306462486451448335e+01
1.306701137832955339e+01
1.305195957056083600e+01
1.309893749334101898e+01
1.307061588756947046e+01
1.305354886095289046e+01
1.305949387498629477e+01
1.305704478443460204e+01
-9.127450178934595204e-01
1.305363708921915133e+01
1.307199367522858857e+01
1.304566898304450362e+01
1.307993778159296028e+01
1.307286367084426537e+01
-1.453207677518535412e-01
1.307918516000681741e+01
1.305139201656361436e+01
1.310348415081652007e+01
1.303715985094667751e+01
1.307681883363147612e+01
-4.017173235636815054e-01
1.305974540214427648e+01
1.306567687268887923e+01
1.305948354076004492e+01
1.306459455874415099e+01
1.306146399617700737e+01
1.308971659429344925e+01
1.309232254675809237e+01
1.306404470883202151e+01
1.305218813553919333e+01
1.307675240327139754e+01
1.305189969471122780e+01
1.307574743483777624e+01
1.307469609048754933e+01
1.309070948693812042e+01
1.304697636483705026e+01
1.308753137160664792e+01
1.306488920986290481e+01
1.308925075818135753e+01
1.305963983753910718e+01
1.305013756925031743e+01
1.301288186553097503e+01
1.304962399792266048e+01
1.307490467575682658e+01
-5.557114479211017199e-01
1.308604587939971609e+01
1.305329549300019210e+01
1.307263774706751924e+01
1.307100935066402592e+01
1.307663576440813280e+01
1.306384669809721899e+01
1.308991898990608860e+01
1.307439969795599666e+01
1.305858772781402521e+01
1.310986073443778821e+01
1.307337145334354389e+01
1.306790583056169019e+01
1.306782279773641164e+01
1.304291669489698791e+01
1.306421775684489006e+01
1.308117222419811654e+01
1.306438744356593595e+01
1.308974464092010592e+01
1.306387579101342489e+01
1.307033885935367223e+01
1.305186672179718954e+01
1.306912265464169920e+01
1.304898405431326225e+01
1.309142984220611083e+01
1.305691437166577629e+01
1.307632001737489702e+01
1.310402498869643040e+01
1.307922420294442212e+01
1.307887279062129338e+01
1.306484367272502745e+01
1.303759336096270260e+01
1.307380898830960803e+01
1.303483613913209282e+01
1.308387672781818623e+01
1.306425992424604132e+01
1.307037773650237256e+01
1.307377163781108109e+01
1.306406210483723562e+01
1.305180813508935955e+01
1.308630489956536991e+01
1.305290834025359992e+01
1.307914925639884274e+01
1.305470619848348335e+01
1.306385385571289248e+01
1.305182410254046665e+01
1.304267379539869509e+01
1.306596681741188171e+01
1.310174830874710850e+01
1.308268422282708165e+01
1.306156699196681714e+01
1.306693764473931552e+01
1.306815647691865045e+01
1.305546597731818892e+01
1.311231069085702572e+01
1.308040759430576827e+01
1.308779955477610457e+01
1.301907871621020796e+01
1.306258955575682634e+01
1.306099380197841420e+01
1.305104662810622429e+01
1.305317428048130246e+01
1.307748775089243409e+01
1.306884132413459554e+01
1.306232404461892216e+01
1.307565450557340903e+01
1.308229051298799384e+01
1.306908650171988384e+01
1.306303352233474158e+01
1.307314045296474525e+01
1.304881149453457390e+01
1.307339798123675934e+01
1.304960639468231065e+01
1.308826825116779347e+01
1.307074444909114064e+01
1.305683282530453937e+01
1.308030728713786139e+01
1.304927834168083756e+01
-1.698818743320503755e-01
1.305626899545961805e+01
1.307162122150340444e+01
1.312619361126958850e+01
1.305097197526390218e+01
1.309288997212853722e+01
1.306524477048134969e+01
1.304317260702375947e+01
-6.368594500477653408e-02
1.305955713124742346e+01
1.305065425060169026e+01
1.308235015966462100e+01
1.308930189849151482e+01
1.305669717422716047e+01
1.308141335788305959e+01
1.304270322296356355e+01
1.306194211300508101e+01
1.306453193983999839e+01
1.307647913906697745e+01
1.303839215080360958e+01
-3.852567329521214834e-01
1.304037962962499719e+01
1.310229531659161317e+01
-3.436204288885588154e-01
1.308252261733055377e+01
1.304922642427951551e+01
1.306154143296136283e+01
1.306822366212037778e+01
1.306805056921327335e+01
1.305891240879629400e+01
1.306806938379162375e+01
1.304264264884334423e+01
1.306418981378415367e+01
1.305173562624202610e+01
1.307161127079215035e+01
1.306633529872762800e+01
1.308407045174188355e+01
1.306871720453824182e+01
-4.426339295723388245e-01
1.306852883019599787e+01
1.306238055009301746e+01
1.307182771279529021e+01
1.304275516848062821e+01
1.306866265566319996e+01
1.305563537383394390e+01
1.305433387828751179e+01
1.305181217540081207e+01
1.304583048134162304e+01
1.306477778940473478e+01
1.405243172269875274e+01
1.308245785630292346e+01
1.303591188560071146e+01
1.306110615034340583e+01
1.308012042907340344e+01
1.304899033960323962e+01
1.305030747588881468e+01
1.308245573951484708e+01
1.304889248663599943e+01
1.300892394249631678e+01
1.306112997471365311e+01
1.306900559924945604e+01
1.307400203685612183e+01
1.307870645848506186e+01
1.306036006810055383e+01
1.307794266928005555e+01
1.311612105606769774e+01
1.308248648005578474e+01
1.305366763797181484e+01
1.306192848128010020e+01
