-8.110851128157227086e-01
-1.919801280382718467e+00
-1.404114917689484043e+00
-1.175269443536713476e+00
-2.196499846814410351e+00
-2.480171208133024496e+00
-2.103961111011153129e+00
-1.871897205471015457e+00
-2.016100048086564733e+00
-8.903262165425682717e-01
-2.354970739043683814e+00
-1.960773135305694748e+00
-1.959139667062607559e+00
-2.147265855491444331e+00
-2.529841835208057610e+00
-2.154419648540761845e+00
-1.304937175342270050e+00
-2.158068104871750936e+00
-2.100184597137296549e+00
-2.265674263046138392e+00
-2.078439197702916630e+00
-1.930589363974915207e+00
-2.447585384020404931e+00
-2.119124886010696596e+00
-2.142966301224339176e+00
-1.848624846730737348e+00
-1.956701783447662102e+00
-1.477388618535742326e+00
-1.907296175551383088e+00
-2.277475036042754031e+00
-1.867146497699632590e+00
-1.759616606538833450e+00
-1.978999500029358094e+00
-1.080293346607573479e+00
-7.054773857632050671e-01
-2.327934648219805336e+00
-1.718180618881616883e+00
-2.432233955706406991e+00
-1.874378520557333783e+00
-1.720621692133506020e+00
-2.256637327051812303e+00
-2.354125078507422142e+00
-2.440776703779567569e+00
-2.124550066915665614e+00
-1.630688052739528437e+00
-1.880929547809707891e+00
-3.208159025538771303e+00
-2.230526505843443363e+00
-1.820401311147320733e+00
-1.960066782004019625e+00
-1.624294220072859618e+00
-2.210429371342982119e+00
-1.406760276183047109e+00
-3.258089224016340157e+00
-2.042073964636213823e+00
-1.458413751129254976e+00
-2.347187707189113404e+00
-2.110732440485798111e+00
-2.265045376664843513e+00
-1.693988121905329436e+00
-2.632090404346016932e+00
-1.949930342603224398e+00
-1.784198985246041591e+00
-1.481524641200193226e+00
-1.225039835627753870e+00
-1.189537223461636373e+00
-2.084490689025157995e+00
-2.050940107446750371e+00
-9.841805663563304440e-01
-1.932735470343439177e+00
-1.887490215652708692e+00
-1.568748210493352113e+00
-2.038153333380806398e+00
-1.599040340565328400e+00
-1.227611263357496707e+00
-1.965733218010899286e+00
-1.734387102941227443e+00
-2.171996085872176518e+00
-2.214983992524677259e+00
-1.461234933941533143e+00
-2.004802762420950568e+00
-1.416095566213328771e+00
-1.925333596856193097e+00
-2.963069285676788400e+00
-1.501464871369356358e+00
-2.661834789588953143e+00
-1.905640328574348841e+00
-1.273854880321907856e+00
-2.108449491525781205e+00
-2.643199880924643086e+00
-1.655162951826037787e+00
-2.192664909812385154e+00
-1.928195166457180143e+00
-1.929324445011449507e+00
-3.018203137124241042e+00
-2.087786533326804417e+00
-1.878229023417255616e+00
-1.915049610690479298e+00
-2.183796475474281351e+00
-1.500885970268518443e+00
-2.050631924703960163e+00
-2.116555644571209704e+00
-2.014604444482930745e+00
-1.713905104384634726e+00
-2.188048044960741123e+00
-2.012503185126530258e+00
-1.929594334307862535e+00
-1.070659166133440143e+00
-2.376727134673025432e+00
-1.108735348785151675e+00
-2.435785463298622666e+00
-2.665671883000371611e+00
-2.183061306129180146e+00
-2.196561815133949658e+00
-1.146848549816107621e+00
-3.174193876686111082e+00
-2.127496353623890002e+00
-9.867244985633959464e-01
-2.383878792068932828e+00
-2.423937405189322103e+00
-2.719521237825963667e+00
-1.025416670356955606e+00
-2.164355294221798953e+00
-1.865013582750947752e+00
-2.170954350784938480e+00
-9.280519865171040772e-01
-1.148790286095488611e+00
-1.742974125745338831e+00
-1.857708415893674303e+00
-2.457977047202826171e+00
-1.041106594633348204e+00
-1.818869038178628550e+00
-1.815121900734122384e+00
-2.095961631358753241e+00
-1.156734677212359230e+00
-1.229693329896627496e+00
-1.868786057376002008e+00
-1.827227559165951032e+00
-1.083262476077383241e+00
-1.375848664903743135e+00
-2.789053271495984809e+00
-7.149915391656005426e-01
-1.844201231981702716e+00
-1.795650385946018002e+00
-2.785239162212324260e+00
-1.939545200955403281e+00
-1.686035117835014585e+00
-2.156128012252644499e+00
-1.841242611977387034e+00
-1.420448537361724384e+00
-1.133237338236048108e+00
-2.449640422059786715e+00
-2.400750300627530809e+00
-7.064304158179454118e-01
-2.843005477225649003e+00
-1.785477242751293492e+00
-2.223250748513677877e+00
-1.682018939901777532e+00
-1.466804877810929053e+00
-1.777823427714341431e+00
-2.021045654655895252e+00
-2.835103969201280716e+00
-2.254254192616691910e+00
-2.608334079183077137e+00
-1.836844574693420773e+00
-9.032733761752764767e-01
-2.192058105479936625e+00
-1.738209456683640131e+00
-1.217171800466528175e+00
-2.005993595656737849e+00
-1.319413672987131081e+00
-2.064494304996379093e+00
-1.649323926915958527e+00
-1.563440131833876201e+00
-2.004786249012052046e+00
-8.979401192251752484e-01
-2.298516468787624056e+00
-1.487386333248156056e+00
-2.858543112745600911e+00
-1.703157486914562480e+00
-2.014391651618786305e+00
-1.609824800274646250e+00
-1.918147253561309995e+00
-2.584064420209755575e+00
-2.037137702772775505e+00
-2.198734209766211034e+00
-3.213568925181674363e+00
-1.429130520070541976e+00
-2.119735192898800413e+00
-2.199997063642579853e+00
-1.648064500585749492e+00
-2.167743414092696774e+00
-2.149789454133602895e+00
-2.747895608472920248e+00
-1.786377062662281912e+00
-1.742812925070939656e+00
-1.439582837527135784e+00
-1.456257846931773070e+00
-2.101554875441300485e+00
-2.603787436207415151e+00
-9.100642903119547933e-01
-1.448343771923574552e+00
-1.883064419820454471e+00
-2.494205839346736120e+00
-2.050656531082198697e+00
-1.408175111223661347e+00
-2.315664865980117781e+00
-1.578497533085177373e+00
-2.184235309036231421e+00
-1.716492909853927884e+00
-2.490975021067727724e+00
-1.104055307830178689e+00
-2.290554701856772901e+00
-2.097362344770740350e+00
-2.096438924190079156e+00
-2.260690065208143640e+00
-2.044865339539495785e+00
-1.700861402212259677e+00
-2.606277874716282028e+00
-2.187842054583491791e+00
-2.094798537243691694e+00
-2.124913739536471002e+00
-2.027163437095892196e+00
-2.086427441472598510e+00
-2.188408178414617211e+00
-2.376046296407963609e+00
-2.200866108538007015e+00
-2.042588714082294032e+00
-1.003124722301972138e+00
-1.884896639492566806e+00
-1.917890151296324674e+00
-1.641186563140005328e+00
-1.797354878774679143e+00
-2.050547956599111821e+00
-1.651391231978030394e+00
-2.391668409382837535e+00
-2.696932287357595825e+00
-1.303259161236802743e+00
-1.655686636943846324e+00
-1.484997772541943428e+00
-8.161048580422449739e-01
-1.605882453438924440e+00
-1.986121431396792758e+00
-2.050714618891305019e+00
-1.924981841104123736e+00
-2.613724958936290310e+00
-2.083001583003206036e+00
-1.561739105698781493e+00
-6.997068356836855241e-01
-1.201286704515294845e+00
-3.138291234872851998e+00
-2.037703493131681753e+00
-2.097844345655088372e+00
-1.978108037240316364e+00
-1.847146805284153759e+00
-2.552644440125748204e+00
-7.488734921992155069e-01
-1.720427910409258576e+00
-1.898832015134882534e+00
-1.559540810749437956e+00
-1.963919172773091804e+00
-2.600463494119231722e+00
-1.612023468782712188e+00
-8.092412912515819512e-01
-1.798550904340796341e+00
-2.965882407512075769e+00
-1.416662862693065073e+00
-2.852436968282586527e+00
-2.047144768865938769e+00
-2.013038000899296520e+00
-1.041674375922139850e+00
-2.613621654240375847e+00
-1.455811284227344515e+00
-2.025574555970428570e+00
-3.150724655830937415e+00
-2.616966105919798835e+00
-2.096158023546393245e+00
-2.028882911311080672e+00
-1.195365313271887775e+00
-2.848168309417739685e+00
-2.154566236710314442e+00
-2.067148034228178055e+00
-1.643679818943825088e+00
-2.104126105755018017e+00
-3.096319905062562050e+00
-1.964561820305576800e+00
-2.175785738012165460e+00
-1.354955688984468054e+00
-2.033662205280234669e+00
-2.214216461202752395e+00
-2.940631133271197406e+00
-2.713876136064313549e+00
-1.385881352766154873e+00
-1.779394632543748633e+00
-2.238693936119837247e+00
-1.996821831265790159e+00
-7.795064491591040534e-01
-2.044600782572166597e+00
-3.186536017560047451e+00
-1.675740777777008361e+00
-1.876217883169220446e+00
-1.082474279092288771e+00
-1.984500687400295726e+00
-2.631160630055713767e+00
-3.205489178196822220e+00
-2.103381583699680313e+00
-2.148192289982444603e+00
-2.061050446078779963e+00
-2.024958085823240328e+00
-3.082991601895892497e+00
-1.434626837784460207e+00
-1.983430211104378005e+00
-1.770435531859915645e+00
-1.230345637980915008e+00
-2.645347400819301420e+00
-1.695781452765788178e+00
-2.047022904360564777e+00
-1.553418129631970013e+00
-2.822755632647558244e+00
-2.117228050348839652e+00
-2.315917734979349607e+00
-1.789328962575321480e+00
-1.926153197291893937e+00
-2.040691196242021110e+00
-2.251461276718990767e+00
-1.908008961415211813e+00
-9.871038306972241827e-01
-2.006328416832266370e+00
-1.679876372521251326e+00
-1.544704576901268167e+00
-1.780119123041306928e+00
-7.718332762447763784e-01
-1.882200881395355463e+00
-1.239316721110456099e+00
-1.949031355274777333e+00
-9.528759761597499489e-01
-1.427830227527498552e+00
-2.472528443493858141e+00
-1.973499158350541682e+00
-3.093913555222356226e+00
-1.048397395074923022e+00
-1.799442335683322902e+00
-1.243619194272067352e+00
-1.663616029050827727e+00
-2.686488024236079575e+00
-2.463633019758347142e+00
-1.992342522821640483e+00
-1.928751914267874623e+00
-1.794755451886576481e+00
-1.906255486438062086e+00
-2.088627596104728035e+00
-2.128410209257508789e+00
-1.722397220678052232e+00
-2.255154628762690461e+00
-2.596305723016765654e+00
-1.164722524421409666e+00
-1.214783205961079471e+00
-2.056738741252385427e+00
-1.541447786845505874e+00
-2.135658889722074960e+00
-2.067787410879807108e+00
-1.965214411210248091e+00
-2.201600999382217871e+00
-3.278753764494306555e+00
-1.592739812606737360e+00
-2.212029615503985802e+00
-3.250790949417726949e+00
-2.249911920747706517e+00
-2.571919972352467720e+00
-1.006433255115499747e+00
-1.264380967781483012e+00
-2.162359931283261094e+00
-2.240290514665395083e+00
-1.726882124939926433e+00
-1.591984840346386765e+00
-1.413788958084503333e+00
-1.160846185372526707e+00
-2.025865019226772645e+00
-1.857647035487889120e+00
-2.245119571786334589e+00
-1.180301211825428798e+00
-2.110625280916384128e+00
-1.325219732017147489e+00
-2.010008754224358984e+00
-1.375748428700799719e+00
-2.693936729500437721e+00
-2.289661260070615878e+00
-1.305096857328846172e+00
-2.060631914540115517e+00
-2.192046382514688307e+00
-1.817694710997140195e+00
-2.577760426764865276e+00
-2.269113235167809606e+00
-2.468412174578454632e+00
-1.436394921890200127e+00
-1.907948515645533138e+00
-1.874888616438285416e+00
-2.825511455533492366e+00
-2.446557302080501373e+00
-1.085435112484044895e+00
-1.245660330196995069e+00
-1.789581159179662428e+00
-1.719979107279077102e+00
-1.173975260237354101e+00
-1.491803495684827174e+00
-1.832627258717003826e+00
-1.481616574254754903e+00
-1.391849920513402061e+00
-1.381962744078690575e+00
-1.108757540384056606e+00
-2.083470752880565602e+00
-2.120856842671391629e+00
-2.684893276922516669e+00
-1.988681452761709822e+00
-2.049487616782924793e+00
-2.124139159299257784e+00
-2.256216382043739976e+00
-1.587870411324189490e+00
-3.145550580597578971e+00
-1.724786911890342056e+00
-2.570521686789904336e+00
-1.012791354968115121e+00
-1.240769091725474338e+00
-1.167184622589439780e+00
-2.265653194354993349e+00
-2.790677681507614416e+00
-3.071587164854527874e+00
-1.135872646962612587e+00
-2.481886678029055382e+00
-1.046092201280316880e+00
-1.749350783748764737e+00
-2.443642737141786370e+00
-2.967046262262797995e+00
-2.221281771754458401e+00
-2.278729736942008532e+00
-1.452950562002628399e+00
-1.525799699340686821e+00
-2.765612344597076611e+00
-2.579278144519175697e+00
-1.165823109451005868e+00
-2.517290502602563596e+00
-2.225882843755033313e+00
-1.105377383260793378e+00
-2.101795280136274258e+00
-1.628143078792009479e+00
-2.430038044331721991e+00
-1.504963033919258564e+00
-1.934040042586276043e+00
-2.093888452660742416e+00
-1.610789347773579294e+00
-1.926599871046281498e+00
-2.114693643557664426e+00
-1.035685526269772838e+00
-2.573661183413867626e+00
-7.921708479781486290e-01
-1.980035614023140100e+00
-2.164289440307608725e+00
-2.245326178595126176e+00
-9.306145952589276460e-01
-1.909415065844817683e+00
-1.360736226576976016e+00
-9.106099533823275305e-01
-1.416574000262863953e+00
-1.151917703147877559e+00
-2.083910991268424606e+00
-1.371784762471311092e+00
-1.984177138612496449e+00
-1.125375902221664726e+00
-1.776106424342774659e+00
-2.696265863309049493e+00
-1.660964829751533367e+00
-1.335865511270141415e+00
-1.101523970819390685e+00
-1.280183752660390528e+00
-9.146009918092841140e-01
-8.303933606567225345e-01
-1.078506300752780644e+00
-2.119579576894437878e+00
-2.323275772103123415e+00
-1.467944514994203864e+00
-1.728421372235135811e+00
-1.258341682493063551e+00
-1.922077532669905109e+00
-1.505191454527749606e+00
-1.384283854564015481e+00
-1.783396963770499166e+00
-1.305931446395204309e+00
-1.302354123995603130e+00
-1.013068527632083216e+00
-1.657100269797225023e+00
-9.795812770323620855e-01
-2.168917862398036966e+00
-1.051869387274220635e+00
-1.346498097767198310e+00
-9.977018618247998072e-01
-1.339215256185080305e+00
-2.917789691868327040e+00
-1.717030368478703828e+00
-1.084165600223007120e+00
-1.401103973417690884e+00
-1.169181459577763427e+00
-3.214949698095060704e+00
-8.580935484218586984e-01
-8.415799344868343246e-01
-9.988785703385809622e-01
-1.789468545868425409e+00
-7.661634537508548171e-01
-2.088244169419816387e+00
-1.015845068136514540e+00
-1.749736948676469783e+00
-1.100476844096942797e+00
-1.230049824184926699e+00
-1.127365106556726948e+00
-8.606726882803062972e-01
-2.395981646707011414e+00
-7.707901120378271020e-01
-3.060999369785175617e+00
-1.879838026432256726e+00
-2.198438548476056464e+00
-2.008379303075626510e+00
-1.975206743902417905e+00
-1.293734987138210890e+00
-2.609478611003770432e+00
-2.652661585459747950e+00
-1.806640963636585440e+00
-1.106425084007510273e+00
-1.174922046246248408e+00
-1.542607989711669347e+00
-2.714071878882140965e+00
-1.641935136997341615e+00
-1.789326654298772246e+00
-2.212969129482432074e+00
-9.739437618039326061e-01
-2.380559112311856129e+00
-1.370948737209329860e+00
-1.690450989927732461e+00
-1.614028644129962053e+00
-2.156090520359284390e+00
-8.377672029679394949e-01
-3.321623845096122629e+00
-1.150028310945244270e+00
-1.237071306711206242e+00
-1.627186022399918386e+00
-1.756531374816637125e+00
-2.455719629338580567e+00
-1.052571069678167381e+00
-2.643157559855360716e+00
-1.229315110235361885e+00
-1.906357132250741993e+00
-1.855711349874408000e+00
-1.066834296165815488e+00
-1.399675805484076552e+00
-1.287392186029477692e+00
-9.836714674261607394e-01
-1.029964626623369295e+00
-1.104375170049367583e+00
-2.002279213585604456e+00
-1.653835057653663565e+00
-1.109671240738815845e+00
-1.232120272224968005e+00
-2.580616038964591574e+00
-9.686388470360084435e-01
-2.241355803705893823e+00
-2.616682280075326439e+00
-1.019691084143124593e+00
-1.541453281745961412e+00
-1.888128740730663502e+00
-1.059056656749673309e+00
-1.670494746644671125e+00
-2.402041765042355337e+00
-1.648605446085644299e+00
-2.182277809613345276e+00
-1.279713376117186829e+00
-1.163351208966210804e+00
-1.633563145301305974e+00
-8.623293318695474108e-01
-2.523448663255280611e+00
-1.943219653734401531e+00
-2.536409535322274422e+00
-1.553094995100624098e+00
-2.124159998342129541e+00
-2.221615310774581964e+00
-1.639863945396572209e+00
-2.055319895159350985e+00
-1.280683925393635292e+00
-1.964648686774950193e+00
-2.040424356465861955e+00
-1.070442085334163185e+00
-1.894644248599653302e+00
-1.089811664660690127e+00
-1.518821123446253640e+00
-1.795506228184135633e+00
-1.138487416512315109e+00
-1.408757492718560211e+00
-1.008731253386684346e+00
-7.608318936286719847e-01
-1.692561134859178695e+00
-1.677026681156597476e+00
-1.337399935353074998e+00
-1.001475475705385421e+00
-1.894191727279723292e+00
-1.037141667016267199e+00
-1.509943435797066691e+00
-1.704159815477014117e+00
-9.959090249749624757e-01
-9.543940624242711612e-01
-1.249810091491859065e+00
-1.299739470563585408e+00
-1.549404742627973341e+00
-2.113412556105996210e+00
-1.391960136470088649e+00
-2.605494208102891562e+00
-1.412192669816143775e+00
-2.818890093042644374e+00
-1.464781599482856578e+00
-1.114633712722141734e+00
-1.876603980802194371e+00
-1.014147193923016443e+00
-1.771878347462107151e+00
-1.188323640007928672e+00
-1.725376362756662285e+00
-2.713491573625508302e+00
-1.910966835723131751e+00
-1.889133520027455049e+00
-2.080621633325384856e+00
-1.387059903159152618e+00
-2.654699923415331675e+00
-1.188733814052576943e+00
-2.383285719140998626e+00
-1.200293948666999455e+00
-1.421881183749952093e+00
-1.868351947308245276e+00
-1.021514004862862812e+00
-1.120636107397470438e+00
-1.428406897600009273e+00
-1.492129695245763887e+00
-1.639020050365803893e+00
-7.119359543293670711e-01
-9.820452526744118948e-01
-1.559406157335894161e+00
-1.046652545541816304e+00
-7.828833368846633833e-01
-1.076217707154694114e+00
-1.657993193565868495e+00
-1.612239284221733904e+00
-1.196001946648276082e+00
-9.685863970508972187e-01
-1.458626834085841928e+00
-2.029841429651453311e+00
-1.805833680328807533e+00
-1.342413321345874877e+00
-7.049422807111151990e-01
-1.004241558733536044e+00
-9.925878255569731134e-01
-1.547147236028099559e+00
-2.066033887368940558e+00
-1.245008530907213196e+00
-2.207072397615602810e+00
-2.196034600776296308e+00
-2.365208494336235034e+00
-1.790252343196202078e+00
-1.097176369253153094e+00
-1.935786490908510071e+00
-8.359749763320777349e-01
-9.593925202240451977e-01
-1.668988696596905408e+00
-1.844689196326437131e+00
-1.410792850357247774e+00
-9.732739209829911475e-01
-2.208571778976026412e+00
-1.336428697307502578e+00
-1.072102228116448064e+00
-9.664010664600360956e-01
-1.497319680254453500e+00
-1.609062250118115101e+00
-7.837220830780460279e-01
-9.283975256141465682e-01
-1.524432558987761865e+00
-1.440787745715521151e+00
-1.619835231009229659e+00
-1.349586942626588737e+00
-1.385114780468122753e+00
-1.182318395035184988e+00
-1.982774174743351603e+00
-9.751721705977012267e-01
-1.496126489220323430e+00
-1.653458289262439651e+00
-1.066840856643919588e+00
-1.092028859328758372e+00
-1.269814030717812958e+00
-1.602361937005205572e+00
-8.135966977965762847e-01
-1.232554476601623872e+00
-3.086120034179274274e+00
-2.691982175737413385e+00
-2.569388874402539269e+00
-2.709742149717595971e+00
-1.396178156280583949e+00
-2.078150040900797357e+00
-1.082743729902030827e+00
-1.751602312795119687e+00
-7.226514851335308354e-01
-1.643228198704499210e+00
-1.745786458195506263e+00
-1.437238333010767199e+00
-9.698169983849722620e-01
-1.862271057924940632e+00
-9.830655009873969785e-01
-1.684403843524385769e+00
-1.548766608144124701e+00
-1.146631057814209598e+00
-1.153910974293096858e+00
-1.084596681854962608e+00
-2.247220589215683795e+00
-1.367042910836238967e+00
-9.264794673825877958e-01
-9.327495215095249481e-01
-1.584570618181670110e+00
-1.310936326084045866e+00
-1.004010967890617056e+00
-1.309358651684459973e+00
-9.657966913896582906e-01
-2.511886701288123191e+00
-1.875921691473468433e+00
-1.366207341176959744e+00
-9.920759780190118171e-01
-2.528642332677159210e+00
-7.828709890218251699e-01
-1.684027776784075670e+00
-1.841172889946209423e+00
-1.010934799899230407e+00
-2.206859835310094553e+00
-1.435950378021171092e+00
-1.370491632776452029e+00
-9.145809276019184475e-01
-1.014143489955707134e+00
-1.539715510616458172e+00
-2.841226805854208504e+00
-1.535913230174844379e+00
-2.388592580094041296e+00
-1.123019426120753783e+00
-2.031483881121279200e+00
-2.020328432764990190e+00
-1.298546638443850432e+00
-9.629393060144053607e-01
-1.496286247288127758e+00
-1.145013751563983995e+00
-1.256983514174979222e+00
-9.938153341003650443e-01
-2.031356626473022065e+00
-2.281734295973461002e+00
-1.275299084879012224e+00
-1.284881041202240448e+00
-7.469477525618016811e-01
-1.956139648588452129e+00
-9.692930279852849385e-01
-1.437291909562226300e+00
-1.065757848350006531e+00
-1.360435672026841125e+00
-1.430459254768587929e+00
-1.117430759999332057e+00
-1.200193690498359000e+00
-1.695297252889196304e+00
-1.139948605299019979e+00
-1.273123379623477547e+00
-8.371564035991732045e-01
-9.159068271041496123e-01
-1.408868613148695159e+00
-1.890983722078652063e+00
-1.421602292220582209e+00
-1.486968966626394995e+00
-1.078239487222063975e+00
-1.950515907152809314e+00
-1.736070827942670425e+00
-1.261997467877325807e+00
-1.975407169293146081e+00
-1.865327796932754634e+00
-1.244801034935163031e+00
-1.273510539406901065e+00
-1.899572483833304126e+00
-7.306065613892733790e-01
-1.115991368984327714e+00
-1.110569799971836247e+00
-2.441617495166453544e+00
-1.072366648700899594e+00
-1.308131424363270012e+00
-1.396571258898200885e+00
-2.039498725993580397e+00
-1.006758059568447772e+00
-9.237055772481966853e-01
-1.854546034557968293e+00
-9.915771709082701335e-01
-8.997364547891599784e-01
-9.440485859723566353e-01
-1.475213876853580963e+00
-1.949330799204718190e+00
-1.100107353508862795e+00
-1.675354311082245529e+00
-2.514222603436353065e+00
-1.771862566263531225e+00
-1.089377637737984683e+00
-1.492344128851655238e+00
-9.729674229206479730e-01
-1.169317327179513200e+00
-8.022641804489255568e-01
-1.425015786845042376e+00
-2.124119723592595044e+00
-2.433593000968049758e+00
-1.004804544024546109e+00
-1.979201961304614121e+00
-1.238997891444909571e+00
-1.147875307536336376e+00
-2.437736319487325609e+00
-9.718965388363991487e-01
-1.847642381116224808e+00
-1.551609627601518326e+00
-1.171750375636194219e+00
-1.296247827023782939e+00
-1.186354010616127441e+00
-2.185831278325015337e+00
-1.055373211477565576e+00
-2.121131906518816557e+00
-1.390258185449037454e+00
-8.625698723170722726e-01
-2.026889307059970946e+00
-1.044284665780509824e+00
-1.022478615897047138e+00
-1.208404352123920500e+00
-1.821431734051961016e+00
-1.215271895917155565e+00
-1.372185884460979555e+00
-1.800399277869432879e+00
-1.570299309733452775e+00
-1.402877187451634811e+00
-2.364618728803695724e+00
-1.658551084971124467e+00
-1.875631052131274012e+00
-9.249376592030680300e-01
-1.927595019233249385e+00
-2.327130341944626757e+00
-9.264728409569926715e-01
-9.297401356827218466e-01
-2.228871940266165197e+00
-2.004724819262617252e+00
-1.008254032569826153e+00
-1.985391536092194986e+00
-1.287201997676449050e+00
-2.612139618957013187e+00
-2.081493444536321569e+00
-8.595785441725476428e-01
-1.587450275824402013e+00
-1.797143100769789115e+00
-1.568399085998959164e+00
-1.020345746305482582e+00
-1.863459771031260370e+00
-1.729596645262275079e+00
-1.536687321068433310e+00
-1.064981006094132043e+00
-1.352781102688670911e+00
-1.504970255200431817e+00
-1.526800259009631233e+00
-1.314308586019217628e+00
-1.163141784019584568e+00
-2.181358825484653430e+00
-2.211777966152134844e+00
-1.550077460101951576e+00
-8.631105953117197416e-01
-2.117845409920966482e+00
-1.040319658760039401e+00
-1.982993073634508718e+00
-1.286783351854474233e+00
-1.654592145699137262e+00
-3.298782560826244215e+00
-1.399505124261517963e+00
-1.341369586709650896e+00
-1.412669124817858446e+00
-1.467521060182963355e+00
-2.202637694566028870e+00
-1.105072675955238948e+00
-2.366930291116124074e+00
-1.423229795842892553e+00
-1.944840724017280476e+00
-1.169249222083518447e+00
-1.658544816942688405e+00
-2.969805102380101314e+00
-1.116728603795348107e+00
-1.957663643040594703e+00
-9.538389274381202654e-01
-1.676199857880097177e+00
-1.606712808065088538e+00
-1.096883060917178909e+00
-9.048768854475147672e-01
-1.389027311394799735e+00
-1.123529154080276315e+00
-1.794356390851213678e+00
-2.473243182068111778e+00
-1.363845136232978650e+00
-9.887087763374681204e-01
-2.721548404469896099e+00
-1.803341226421305121e+00
-1.855991795442378134e+00
-1.584279037645877519e+00
-1.596358142327218843e+00
-8.995926647282100896e-01
-1.397564178216293307e+00
-1.094705509673121524e+00
-2.327114364870833008e+00
-1.703941458624231631e+00
-1.395914632541080502e+00
-1.400285197816583560e+00
-1.451263886996588814e+00
-1.029337484367831124e+00
-8.243845727404104373e-01
-1.107545992999170448e+00
-1.110542447081548589e+00
-2.453236570877131317e+00
-9.310878561430200318e-01
-1.687410618417356067e+00
-1.155762563638644380e+00
-1.637522057016460808e+00
-1.429273045273716125e+00
-1.428781459464913750e+00
-2.069749514807756263e+00
-2.339060133470404423e+00
-1.801330406260197359e+00
-2.892297760507546833e+00
-9.509994443920484208e-01
-1.002931457146882366e+00
-1.656383051716181942e+00
-1.302671002659865795e+00
-1.215188337456330592e+00
-2.498234054232087775e+00
-1.308711444607205232e+00
-2.216602201342853462e+00
-1.072035644055223225e+00
-1.353783307199059704e+00
-1.437350034041110503e+00
-1.308821615256316351e+00
-1.771617945012264439e+00
-1.675027586020105375e+00
-2.059307986704471460e+00
-1.456859335276315059e+00
-1.234817896992284947e+00
-9.818487655345569109e-01
-1.798479145523833367e+00
-1.416449243974159389e+00
-1.583044065501283182e+00
-1.291428233116200808e+00
-1.868417173841763201e+00
-2.564878740320971406e+00
-1.584589087148470465e+00
-1.620825737437652680e+00
-2.014107309206067509e+00
-1.002410590292079462e+00
-1.538765168277424600e+00
-7.543693251106541320e-01
-1.427275682516749855e+00
-1.981442901900342779e+00
-1.714431011345607381e+00
-1.407310773278679594e+00
-1.308695837689088926e+00
-1.707321818907953537e+00
-1.488495490733768634e+00
-1.991248257778483133e+00
-1.516251998098387510e+00
-2.288766736989011452e+00
-1.100444275530595872e+00
-2.566074933628529564e+00
-2.504990954579137341e+00
-9.241930675215495050e-01
-1.461073605162569677e+00
-1.040226074309808624e+00
-9.862181381556388571e-01
-1.424927750856318287e+00
-1.878799105502326539e+00
-3.128786592659426269e+00
-1.341434907441529933e+00
-1.286102845883540180e+00
-1.200789124649141115e+00
-2.034697023009771399e+00
-2.274041820821177673e+00
-7.130709007968678570e-01
-1.510502403705291208e+00
-7.982582498230086365e-01
-1.558506727132024317e+00
-1.909332966741406068e+00
-3.183551145474277977e+00
-1.412885435031607573e+00
-2.180127630323521082e+00
-1.061495236635994210e+00
-2.556060865079145650e+00
-1.029015814207664636e+00
-1.052887511495820716e+00
-8.732542876476743210e-01
-2.152808817716967305e+00
-9.905675192459998391e-01
-1.248436429298788619e+00
-1.634724561362102424e+00
-2.587451476019918761e+00
-1.262061798901353171e+00
-1.419278297127663846e+00
-2.137911958961545622e+00
-9.362480148771089583e-01
-1.049665128100086386e+00
-8.690338981557762521e-01
-1.016728160403574943e+00
-2.581164313274139754e+00
-2.822355243215490361e+00
-1.752525631327920053e+00
-1.450308236017862740e+00
-1.102404586756741134e+00
-1.896841470660891371e+00
-1.280264157234445754e+00
-1.916010086253114197e+00
-1.538497011042368134e+00
-1.024256202169582908e+00
-1.619123576076997972e+00
-1.299174152548342231e+00
-1.020550274358407838e+00
-2.080824143618253075e+00
-2.263074183167171682e+00
-2.245764623176293107e+00
-1.863160094803290034e+00
-1.910795879750194937e+00
-2.051309728116384345e+00
-1.202747907106429315e+00
-1.449154359187115659e+00
-1.965280154172475369e+00
-1.153809621416015840e+00
-1.721227899031843034e+00
-9.551377642881710983e-01
-2.208130271457748428e+00
-1.907784080860168263e+00
-1.018430989595088931e+00
-1.735787932146540369e+00
-1.098525160434095982e+00
-9.875714165553459711e-01
-1.715670469440074619e+00
-1.246622792429193272e+00
-1.178317130181068650e+00
-2.168322536719706761e+00
-1.446869669732984587e+00
-2.728929335083913443e+00
-9.883594462962168592e-01
-1.662737328863674868e+00
-2.247232207869023224e+00
-7.870401577198390397e-01
-1.361830962549928525e+00
-1.896474135048219933e+00
-2.321739183511693838e+00
-1.509558634532910837e+00
-2.182678503113433699e+00
-8.985524485913263248e-01
-2.138903533487788611e+00
-1.343729620579439565e+00
-1.627153602428914381e+00
-2.306111787022979698e+00
-1.648875391248787015e+00
-1.546646070694289721e+00
-1.438436943199298268e+00
-1.023852040138146124e+00
-1.080155138240793899e+00
-1.495243971603829269e+00
-1.222623932917661360e+00
-1.027476149639089176e+00
-1.244053456170041594e+00
-1.320239251968611249e+00
-1.687579712765807205e+00
-1.518074405121306869e+00
-2.944039107700128888e+00
-1.581133502013235548e+00
-1.915248170956679985e+00
-1.787979207862087527e+00
-1.066962651271247564e+00
-1.133115542673158505e+00
-1.008648692663703939e+00
-2.629218680709920708e+00
-1.172206896700781042e+00
-3.002908271602985124e+00
-1.137763109398552963e+00
-2.333614291390989415e+00
-1.658231951693613926e+00
-1.408771004967509732e+00
-1.546830768071036699e+00
-1.229146662122816869e+00
-2.443118520722729059e+00
-1.671398912249589586e+00
-1.809626045135365846e+00
-1.485451542359434329e+00
-1.465534549331485081e+00
-1.282884121328042859e+00
-9.994582139881559302e-01
-1.584140330873581970e+00
-1.618035551639855463e+00
-1.233548765222355348e+00
-1.440288179223316201e+00
-1.014995799329245108e+00
-1.636921667786305434e+00
-1.991096668135877712e+00
-1.281362593978759179e+00
-1.931370426981862121e+00
-9.980029636399844195e-01
-1.592582410351021771e+00
-1.287744806748131188e+00
-1.036294982812762555e+00
-2.673219644703022979e+00
-1.109397082310162652e+00
-1.868021094395572401e+00
-1.950398613998232555e+00
-2.664224748000125320e+00
-9.554194806076412583e-01
-1.191667070267324213e+00
-1.970621945790755891e+00
-1.218726475190342384e+00
-2.078135165462780876e+00
-1.794131129471114416e+00
-1.774101356580875866e+00
-2.078745231482055367e+00
-1.558004887630495050e+00
-2.762534494786460293e+00
-2.152595097489767628e+00
-1.150277910326254815e+00
-2.202685218322161909e+00
-1.209697813746461126e+00
-1.741265517003646401e+00
-1.130580197217782690e+00
-2.168882978552955976e+00
-1.518945240927158880e+00
-1.874945281198787228e+00
-2.407605324081180331e+00
-2.539274540522692636e+00
-1.350879279213028861e+00
-1.358375930655254971e+00
-1.948313875069806578e+00
-6.854793818259382610e-01
-2.434247205371683709e+00
-1.280362417989373558e+00
-2.167492274244994910e+00
-1.653738173247648380e+00
-2.002727827633596469e+00
-2.497844331084317027e+00
-1.824019370578452426e+00
-1.546256332342741402e+00
-1.946826512703719203e+00
-1.001273130862088356e+00
-1.911495291542429698e+00
-1.048039059749724000e+00
-3.054205731570113436e+00
-1.412286754257985555e+00
-1.438817852458870172e+00
