-8.744906896712166811e-01
-1.677452708618059951e+00
-1.307641000941755616e+00
-1.107664848917735201e+00
-1.623276778515572616e+00
-1.389095691519118825e+00
-9.133109578646904092e-01
-8.910862656990689024e-01
-8.907459246229724181e-01
-8.963667947868493302e-01
-9.118951380431056242e-01
-1.238416404432643114e+00
-8.208270961291185275e-01
-8.894578427377841656e-01
-1.361884810704949267e+00
-8.782254742727750862e-01
-8.840997501268078596e-01
-1.444701747549705928e+00
-1.182082322395191731e+00
-8.710465776185318809e-01
-8.771041371264559627e-01
-8.756749035034695483e-01
-8.696165489102438695e-01
-1.548044447077240093e+00
-1.268357602863122713e+00
-8.987292426762872877e-01
-7.913056174875707782e-01
-1.531732404625693267e+00
-1.140561682410856426e+00
-1.421935308445739787e+00
-1.160878335391922755e+00
-2.100665636804359693e+00
-3.022085815241376761e+00
-1.798632938003293713e+00
-9.523391852154425852e-01
-1.618507345655246787e+00
-1.859970598934405972e+00
-2.187153983398011370e+00
-2.343690268764879292e+00
-2.185427090882992918e+00
-1.838924103786958364e+00
-1.434225294633934000e+00
-1.187704345126301408e+00
-2.173323201084832679e+00
-1.135014885347835012e+00
-1.002497086643622248e+00
-1.810782980026906630e+00
-2.086870572659111467e+00
-1.406654145906871545e+00
-9.327330920650462875e-01
-1.933128412604451674e+00
-1.657073715924426205e+00
-2.744161010910253218e+00
-1.844382255944905014e+00
-1.268043459863640532e+00
-2.089609943180145812e+00
-8.057841945583629206e-01
-1.655308794923317617e+00
-1.596170116620015511e+00
-1.207924767725107706e+00
3.394088680312995709e+00
-1.397635426565480676e+00
-9.726291453004295429e-01
-1.588570407908221682e+00
4.112810205286583809e+00
-9.311347349656831085e-01
-1.074356667376415331e+00
-5.403014985941344550e-01
-9.342619294207399339e-01
-1.117474674574683080e+00
-1.064375808179240046e+00
-8.879534270636896265e-01
-8.782177927257946992e-01
-1.690480098759152838e+00
4.496809975861088660e+00
-1.551611004142121164e+00
4.793501516393392947e+00
-1.410716913416288021e+00
-1.091902009848077837e+00
-5.754644977283712715e-01
-5.560796696813667950e-01
-4.330769286170859100e-01
-8.222958050687223519e-01
-1.245805560757398123e+00
-5.419875460400933598e-01
-8.555814363206841744e-01
-7.506381639811527950e-01
4.670414487734547926e+00
4.372746934536391628e+00
-5.857436819191543798e-01
-5.197069372500974227e-01
4.878332212640138721e+00
-5.912532609689278296e-01
-4.203131845084434604e-01
4.910856483645571480e+00
-8.677252818884375607e-01
-5.441949199705533591e-01
-6.039697494206482942e-01
-7.958096198086441753e-01
4.856309439076814449e+00
-5.605435511478971122e-01
-9.972405915815405475e-01
-7.053702908965772123e-01
-4.274494691848710337e-01
-7.359295955537508149e-01
4.337661438919933943e+00
-6.504273118620973460e-01
-5.036365648619224311e-01
-3.174095857255453401e-01
4.906050635414182182e+00
-5.104417641166619779e-01
-4.955684513916872591e-01
4.849977195198775348e+00
-6.773329230267324252e-01
-2.621524599226580099e-01
4.685299507491776261e+00
-2.861509158676002196e-01
4.919201221648159539e+00
4.854266925453036841e+00
-4.857072251843158606e-01
4.902029928982953422e+00
4.926357506863078939e+00
4.833284943886964058e+00
-2.469846075822010878e-01
4.857021387817628266e+00
4.800935101672097360e+00
4.857635724792165099e+00
4.872694193385486372e+00
4.866225703659377899e+00
4.885382756900573220e+00
4.931950806349746586e+00
-5.045906656482352926e-01
-6.200581130280438114e-01
4.180758981363434934e+00
4.574842154681707740e+00
4.875093781758096156e+00
-7.291487730602032036e-01
4.848117781265631976e+00
4.706147886656973256e+00
-4.846136490992439816e-01
-5.476186710922508194e-01
5.813460944681115627e+00
4.766731974966965879e+00
4.826572213880548468e+00
4.652739802277608305e+00
4.830930699072172096e+00
4.899968603426471780e+00
4.793421699907973732e+00
4.896212241318803393e+00
-6.424349029710429981e-01
4.847633734419537710e+00
-5.517033356515359532e-01
4.910935601348205282e+00
-5.209039411842282252e-01
4.729534900982232948e+00
4.685520738924794593e+00
4.765090388713101532e+00
4.808013663347799671e+00
4.779198529754420832e+00
4.885688453915906670e+00
4.822253492269748421e+00
4.873081099571587416e+00
4.614861373066750261e+00
4.802192174712830663e+00
-5.277341661872815282e-01
4.873678343436964155e+00
-5.128176086378225529e-01
-5.609844169569022654e-01
4.838125466176927958e+00
-3.749620178170526286e-01
4.777268185057643279e+00
4.890803443906622583e+00
5.761759306020589833e+00
4.855907914023653404e+00
4.648783013379409468e+00
-8.880347742613060591e-01
4.792067962737310616e+00
4.706293886291133433e+00
4.686139944020020209e+00
4.865279839347172341e+00
4.903373389156612916e+00
4.893656155852599277e+00
4.852937987912278928e+00
4.678135735056193845e+00
4.802692119738157572e+00
4.786154982300232064e+00
4.836765832613520999e+00
4.738090880177418640e+00
-4.214054767372462651e-01
-8.216590403615148253e-01
4.747850279227859183e+00
-2.402159955426135252e-01
4.793244581277978256e+00
-4.911679757138585067e-01
4.818564332166330288e+00
-4.255733580898539703e-01
4.863539634176355264e+00
4.842741913124374520e+00
4.864284792596916596e+00
4.824325772394734813e+00
4.669383720941677751e+00
4.772660702948249956e+00
4.722162580090748740e+00
4.660126992700178050e+00
-8.672152954260552438e-01
4.778797021010055879e+00
-8.953567881195840794e-01
4.624816682228736653e+00
4.556084412065245282e+00
4.128963673251702104e+00
-1.551958425539489372e+00
-1.375729465192903067e+00
4.671217636650719207e+00
-9.524180017771356477e-01
4.713832809655342793e+00
4.641279436601224440e+00
-1.388258053186118390e+00
4.450840627569812469e+00
-9.664524591028366141e-01
4.508877934156028999e+00
4.802965009732842461e+00
4.398516882681597906e+00
-8.896231284489527491e-01
-9.562538399553565105e-01
4.803645024821491916e+00
-8.914349339274496575e-01
4.778792527327553330e+00
-1.640830460001170721e+00
4.673252496117552113e+00
-9.262555405563254185e-01
4.516302873340491963e+00
4.856837773217851151e+00
4.633276550943214112e+00
4.807261433428577035e+00
4.913693887736891419e+00
4.662930440981343239e+00
-4.710879841644185495e-01
4.788251284977796729e+00
4.807869123940679223e+00
4.608156470198943921e+00
-9.807987295847693243e-01
4.614275864126074822e+00
-9.709799742728800753e-01
4.867633707163550483e+00
4.667741007128250352e+00
4.672903528098192538e+00
4.345252011105364964e+00
4.526423803312303207e+00
4.819850461539202158e+00
4.730157210810333801e+00
4.848361819247216431e+00
4.781726125902110880e+00
4.772159285570549692e+00
4.629033847117755229e+00
4.892117540895124073e+00
4.535265492196908887e+00
4.739241526918141822e+00
4.401197863240906116e+00
4.629295769392371085e+00
-4.203152737974460429e-01
4.660720445503512721e+00
4.707203183348599218e+00
4.636494896596449422e+00
4.543898360994559127e+00
4.136052188300231691e+00
4.553093298228270136e+00
4.715879538283470396e+00
4.643969743507316394e+00
4.825142860775992304e+00
5.734727381676210989e+00
4.641212531912183081e+00
4.487144014397402181e+00
6.594619633273028469e+00
4.827861145927379916e+00
4.829468666641820285e+00
4.593934714719455137e+00
4.589694102076533611e+00
4.487486874636626766e+00
4.693002044168515852e+00
4.527290467133152418e+00
4.659974001774717323e+00
4.386238260829326663e+00
4.681044373417238447e+00
5.709341156975131781e+00
4.609394953016408003e+00
4.404618103385697481e+00
4.623568799102285354e+00
4.695420998338422081e+00
4.824500604938421588e+00
4.716968747147938679e+00
4.786796855549491525e+00
4.728526149453401217e+00
4.867812060727665369e+00
-4.925884081873973530e-01
4.868748474898088929e+00
4.706139288177254798e+00
4.693350100355210053e+00
4.429593433581582751e+00
4.856098578113055453e+00
4.739807002254337931e+00
4.818052598794867691e+00
4.618745859380920749e+00
4.787019864535442260e+00
4.770678931738856932e+00
4.576361857290878632e+00
4.581810065509179353e+00
4.619739436479832762e+00
4.797876649310736319e+00
4.721404839373068540e+00
4.807124932207694989e+00
-1.931197510655592309e-01
-5.230938240918641124e-01
4.597069698331643472e+00
4.546415344756009169e+00
4.692245451227019082e+00
4.509671148741402291e+00
4.889700462076643106e+00
4.844447092467433436e+00
4.826660940528532784e+00
4.875929502676522809e+00
4.793257106074260143e+00
4.775109973448813605e+00
4.842534550756896650e+00
4.868625773242972521e+00
4.869645836088865032e+00
4.699595847819012739e+00
4.731400926620976222e+00
4.602302138187293501e+00
4.651560308668637234e+00
4.820570111609159270e+00
4.819549856945428701e+00
4.862951892716939284e+00
4.677408021581341835e+00
4.675269432448212470e+00
4.527862752626577780e+00
4.668772460439145178e+00
4.718214039634152535e+00
-5.777888690087189527e-01
4.605860733991383960e+00
4.706483577315466960e+00
4.815472446935061157e+00
4.857236504057039994e+00
4.613540885816964199e+00
-6.658633946446506080e-01
4.619110724024452885e+00
4.831358312121449394e+00
4.637204295611840443e+00
4.766448022587729483e+00
4.858657742488910358e+00
4.809328684036207946e+00
4.735097496386861948e+00
-6.087364438687612456e-01
4.895778887729012041e+00
4.749543994567619443e+00
4.557865852601653778e+00
4.843452804822290680e+00
4.592802477437556874e+00
-5.628448818162515854e-01
4.827842112356490745e+00
4.815017102538499572e+00
4.708319408255017713e+00
-6.230467445613345756e-01
4.736188090586662902e+00
4.739767235268896428e+00
4.664302808521767929e+00
4.692549112620411300e+00
4.782629365438523017e+00
4.598707406796279429e+00
4.601803631601582012e+00
4.744197776811761358e+00
4.775459725538642175e+00
4.786010171020148363e+00
4.756813109626367719e+00
4.587106060958094034e+00
4.730328475287352674e+00
4.800785489987460686e+00
4.709382263840874216e+00
4.799552354822990807e+00
4.604465069156409740e+00
4.743491217082119960e+00
4.833207244416380277e+00
4.621795861802297622e+00
4.637305037393287144e+00
4.823355513631277347e+00
4.704168221148892215e+00
4.878884704925387616e+00
4.660023385708960575e+00
4.733314767059145112e+00
4.699329077886757133e+00
4.583436009263953892e+00
4.643035000617912189e+00
4.751517891079156897e+00
4.793924663140691322e+00
5.663850569898730924e+00
4.495417564713695135e+00
4.647443462574535999e+00
4.812115670144986979e+00
-6.270445297163912413e-01
4.835123815136883607e+00
4.699363484779466305e+00
-6.832360443353563406e-01
4.483752179212132205e+00
4.824940517682735575e+00
-8.308091404044395389e-01
4.815175822928501326e+00
4.835900919014852306e+00
4.844544842975751386e+00
4.877369556086952329e+00
4.867904916741776944e+00
4.831477542424648774e+00
4.851062332129195909e+00
4.791241722680169346e+00
4.551762411224349769e+00
4.746858593045669039e+00
4.738096045774776499e+00
4.773218468796606828e+00
4.871090473981693592e+00
4.761845484375426985e+00
4.940362058888098318e+00
4.887577187148323787e+00
4.889873257347691293e+00
4.775809085540181798e+00
4.894986387483765355e+00
4.830293521889085895e+00
4.864973433859611340e+00
4.909173297181132156e+00
4.904348675565798565e+00
4.837044297499478063e+00
-7.454613440642883226e-01
4.938300455975451086e+00
4.784450085638059846e+00
4.787316336751619161e+00
4.775271362915581186e+00
4.793615357181407077e+00
4.657976739765582685e+00
4.750397845365727179e+00
4.718713289344254491e+00
5.702250961328911849e+00
-8.743487176076275569e-01
4.806623728767160486e+00
4.748244678152753195e+00
4.805264835278230784e+00
4.792853487191153228e+00
4.720246321539367074e+00
4.841126380889392067e+00
4.893994961391405774e+00
4.942399815549924469e+00
-7.263500496118560079e-01
4.800373730191816790e+00
4.704745021531555160e+00
4.748524192084558671e+00
-5.515659455879811102e-01
4.857957323957936779e+00
4.898594249839540282e+00
4.737097265475201269e+00
4.717568547546760804e+00
-8.117229125093856634e-01
4.821132719132127598e+00
4.840754348865678125e+00
4.921674378724086196e+00
4.884499107074788071e+00
4.751417345143480020e+00
4.591854795275384760e+00
4.781050291917244621e+00
4.821809189289716358e+00
4.849925976833569408e+00
4.741291673806440343e+00
4.866479601053896431e+00
-7.949742168400658615e-01
4.860664338455569222e+00
4.866489245645231776e+00
4.909157217605761403e+00
4.749176115793848574e+00
4.643350622608099165e+00
4.862044587621709546e+00
4.721051226239375787e+00
4.700285909232986725e+00
4.847156213408598369e+00
4.876455979756141090e+00
4.426203701249884048e+00
4.889114951114180485e+00
4.788431610262239957e+00
4.898790806500092465e+00
4.802175303985976029e+00
5.872535028097643384e+00
4.863640746168725215e+00
4.804430677584056397e+00
4.900165500205148739e+00
4.896342152138781323e+00
4.867627479801123869e+00
4.861234443036233088e+00
4.678310294187750351e+00
4.853371153937524163e+00
4.832469512898011743e+00
4.823680074832248366e+00
4.902058709233036993e+00
4.713518096397875112e+00
4.662921909238958662e+00
4.877595132216931084e+00
4.856259004145790037e+00
4.871344019396264713e+00
4.909537418498700845e+00
4.881920365941123663e+00
4.869964167907592234e+00
4.707923680190253535e+00
4.847254873499238670e+00
4.824169153046371505e+00
-8.853210098192610955e-01
-8.658647750730043002e-01
4.865980632080421309e+00
4.893007759794073763e+00
4.856433132509802242e+00
4.853808371440203828e+00
4.782518209166259027e+00
4.910311532278584856e+00
4.699602920973792841e+00
4.818364878217372471e+00
4.360288687920565565e+00
4.891539031930088655e+00
4.620836468307147449e+00
4.938090349510941834e+00
4.868379925366000727e+00
4.920588966801634712e+00
4.886906894067060136e+00
4.620620443032803948e+00
-5.713066015088998917e-01
4.905028632484966344e+00
4.902844474187893375e+00
4.865259763025458817e+00
4.802820592659273302e+00
4.562660176421902136e+00
4.398959977166291502e+00
4.736535696492891745e+00
4.906272508120355980e+00
4.616438476457354945e+00
4.854862644528119553e+00
4.866252952235047502e+00
4.864352027230513187e+00
4.785833880917536476e+00
4.935968891311742546e+00
4.606853814231504529e+00
4.763861529190591249e+00
4.777952794271743464e+00
4.819819901002448503e+00
4.802826758840436305e+00
4.910168593872651144e+00
4.922581124389237672e+00
4.936655159439171214e+00
4.851013779009096361e+00
4.883981694817301822e+00
4.876358945105529585e+00
-5.019900693947247916e-01
4.897604244298833898e+00
4.941892750614035990e+00
4.837780763594126121e+00
4.928371378733721109e+00
4.929853951475903884e+00
4.640658064810198269e+00
4.832800202518045651e+00
4.836031619055269459e+00
4.941497861599299490e+00
5.388021460920992212e+00
4.917894625682501797e+00
-5.118368443912713062e-01
-5.416863904460025303e-01
4.937269763682285983e+00
4.930474884449692397e+00
4.887728841644616296e+00
4.905011805317368356e+00
4.594971751916446578e+00
-3.954678025115297979e-01
4.936581310225323094e+00
4.953321703848162727e+00
4.942132879545425794e+00
4.967837374567638520e+00
4.934311102528635473e+00
4.925755534241101685e+00
-3.658752657309812806e-01
4.324247575829452295e+00
4.895324631270268512e+00
-4.406101085105140758e-01
4.668912115090562587e+00
4.471343024809394606e+00
4.565696871844176385e+00
4.769071124026096342e+00
4.723948562688875086e+00
-5.872580777283040732e-01
-5.053677094646376045e-01
4.811657882756769311e+00
4.927462897570171307e+00
4.736824496432475051e+00
5.807824443504133960e+00
5.789958887654362840e+00
4.937296334199152703e+00
4.945896003299472099e+00
-2.642039410052638981e-01
4.580135626183206909e+00
4.903464895120036360e+00
4.893888887811889354e+00
4.582224237311027792e+00
4.748165190380594147e+00
4.755044149820254695e+00
5.542915337035944745e+00
4.877943221867990786e+00
4.944005189040387549e+00
4.432722214582620168e+00
4.675365400222623258e+00
4.867470932197670130e+00
4.314639888271013746e+00
4.529105803053861123e+00
4.712982496640787389e+00
4.695818296454428165e+00
4.442280411494440528e+00
4.835779236324821539e+00
4.369490225259538008e+00
4.901152026035502374e+00
4.682084137882950969e+00
4.566025041205513446e+00
4.869584635730323185e+00
4.355790915358575432e+00
-4.650061368538592754e-01
4.593189884901576647e+00
5.541620392374098536e+00
4.464449252364858900e+00
-5.134409488173954372e-01
4.717315889090918368e+00
4.916745851038978543e+00
4.931294689025098599e+00
4.497360815799512856e+00
4.772144519023566289e+00
4.923586089429988988e+00
-6.836168340939446919e-01
4.703941926959870123e+00
4.950255674428339248e+00
4.676828339003502144e+00
-4.720638185140568766e-01
-3.749416223375136026e-01
-3.782554859308786543e-01
4.687178848275373788e+00
-3.246172248302996444e-01
4.619753004202581614e+00
-3.423206986189547552e-01
4.738205794963556095e+00
-5.122135961491023348e-01
4.836550399182953264e+00
4.884961561264651309e+00
4.590000484452625429e+00
4.666674938762899849e+00
4.433895860995681559e+00
-5.628291520135344506e-01
4.748318313003347058e+00
4.668828977859496909e+00
4.780476933337647338e+00
4.749365643712264884e+00
4.861096271806833791e+00
4.749386096582178141e+00
4.713495175539747173e+00
-3.331657269137695554e-01
-4.651791010244057389e-01
4.548204351929696188e+00
4.701780127048548863e+00
4.660533257997419909e+00
5.687307052349293457e+00
-3.398657547577196292e-01
4.702956720150549330e+00
4.882694514521773499e+00
4.636289009053834675e+00
4.653547922259722469e+00
-2.852218803692441185e-01
4.580856199228884762e+00
5.841179270353144659e+00
4.746650318354330267e+00
4.838924049955092954e+00
4.724387475951241200e+00
4.322792672442199446e+00
4.631912021754808428e+00
4.340373360478583464e+00
5.406531217749952489e+00
4.658813733044451233e+00
4.564793817170715862e+00
4.726018248219929774e+00
4.814264692422179692e+00
4.544573582410997403e+00
4.625639532699226564e+00
4.500992335622710172e+00
4.641275263635952442e+00
4.505790609573314676e+00
-3.991190470032703885e-01
-5.891860225144607277e-01
-3.651514329588466667e-01
4.615659108097142749e+00
-5.196419695713778708e-01
4.593833936719359912e+00
-5.992757050783241723e-01
4.755148706270513337e+00
5.619991296089686728e+00
-7.179876552622141972e-01
-7.085987229074115490e-01
-9.488720315198019284e-01
4.561441031951060765e+00
4.466961298213877996e+00
4.589192485441452973e+00
-5.458190373209168555e-01
4.588339449950038507e+00
4.527257568277829769e+00
4.629355087645100397e+00
4.671873432942208915e+00
4.633821157235775701e+00
-6.354561941591779783e-01
-6.289918715045896835e-01
4.651773248456069432e+00
4.770575642658858584e+00
4.646727547085489185e+00
4.702367650192772253e+00
4.397912360525666031e+00
4.516438194730375777e+00
4.682458243036794698e+00
4.656459196856344462e+00
4.767494610594111393e+00
4.558771161892025248e+00
4.263768124801146087e+00
4.441299341478989859e+00
3.946085082606367145e+00
4.441315303306966555e+00
4.449781723222500318e+00
5.154453193664745747e+00
4.487156004562262268e+00
4.617238443088409916e+00
5.527568417371149678e+00
5.509048668071507393e+00
-8.394586874594107684e-01
-5.492514195046234171e-01
-6.203342510305901447e-01
-4.878122381295132426e-01
-5.800687470403842472e-01
4.509630135195473066e+00
4.136974621102231353e+00
5.617848552254930183e+00
-5.479989459097995841e-01
4.581673139699530495e+00
4.218110598200970784e+00
4.638658487177452550e+00
4.714142276922190788e+00
-1.084019988472660900e+00
4.432206128695081127e+00
4.647079430985542992e+00
-6.023619426212800665e-01
-6.136065550592073592e-01
4.709578461346653810e+00
4.486473919303961111e+00
-4.788759996130255159e-01
4.707795690102614117e+00
-6.039602805701511645e-01
-4.913583847538771643e-01
4.334410286251801026e+00
4.605264052709946654e+00
4.754231839935454396e+00
-7.151389662561382643e-01
4.577286298628496120e+00
-6.311726325275091032e-01
4.691233167925549452e+00
5.635267574436635840e+00
4.591404650276134980e+00
-4.982405098831450552e-01
-3.678172559662457042e-01
5.528339758021486361e+00
4.550709394302556277e+00
-5.844442105610023752e-01
-4.925895523316065061e-01
-5.476204214200155462e-01
4.779827454885474225e+00
4.624096963409071392e+00
4.713945970685138320e+00
-5.941869854108692284e-01
4.777399475237648296e+00
-5.572941604531754800e-01
4.686788222347659350e+00
4.619864161964762239e+00
-6.646942968461262424e-01
4.557816544406959380e+00
4.590324065818458976e+00
-7.214622537886830056e-01
-3.853007885292328849e-01
-4.269157846040299020e-01
4.520658855772177631e+00
-5.216172014336892815e-01
4.702460462991225221e+00
4.670120875163984664e+00
4.623699248358778213e+00
4.871688695415871351e+00
-6.276480156841925950e-01
-4.973952305981675925e-01
4.754802987566294270e+00
4.546162618168839487e+00
-6.198179079573977734e-01
4.395441527221899847e+00
4.665001254830725586e+00
4.727578016045429266e+00
4.610892977495420375e+00
4.797207207905080928e+00
4.597711102397696870e+00
4.698422976361905867e+00
4.750682105748115447e+00
4.734864269201850995e+00
-7.024757975837290225e-01
-4.818478373730317177e-01
4.764246250143869155e+00
4.804720695154173882e+00
-4.890656365723585752e-01
-4.831026651999074106e-01
4.838698875380672781e+00
-6.163044108420967504e-01
-5.305793294734534316e-01
4.798373016906057664e+00
-3.778425079090188543e-01
4.513411443180284977e+00
4.690938466257473571e+00
4.732212989975964845e+00
-5.057842958431464364e-01
4.675997035066369989e+00
4.776171997258966684e+00
4.821685975887432640e+00
4.696867332241343895e+00
4.755652506944505475e+00
4.565495665158775473e+00
-5.356237853950189809e-01
4.617287276486252701e+00
4.685097672984205985e+00
-5.614373961092766763e-01
4.731337993364445715e+00
4.615396374088319931e+00
4.733575580026099239e+00
4.724842160960037951e+00
-6.499748318639421152e-01
4.722923128090233291e+00
4.636277603538283110e+00
4.688977501011775573e+00
4.787803898369634936e+00
4.810530863687962011e+00
-5.571638617465644039e-01
4.717195192607588794e+00
4.838023484621395198e+00
4.797145058649974203e+00
4.811970296228263777e+00
4.875680328775723993e+00
4.786564687659453199e+00
4.864291973780217937e+00
4.804394667678845821e+00
4.917024063894461783e+00
4.869164364444333870e+00
4.861463837854978820e+00
4.575395864995840611e+00
4.759411944187933230e+00
4.781372139098363228e+00
4.627124364793431255e+00
4.515848030855973860e+00
4.787644515584037919e+00
4.761604934839745340e+00
4.610583636771836247e+00
4.781089580908147063e+00
4.736702678229720576e+00
4.618586638773892084e+00
-5.799364317652342393e-01
4.695529006129250504e+00
4.906271789984868903e+00
4.833515075514890569e+00
4.783075691216208014e+00
5.754875553535732102e+00
4.849827198910446668e+00
4.606947176908351871e+00
4.890181821427733055e+00
4.892890450067342911e+00
4.959126446328120608e+00
4.858950491150365814e+00
-4.256939637554147948e-01
4.711098114534870263e+00
4.640808531264126735e+00
4.634009762556248191e+00
4.682160436763409983e+00
4.921395589232629320e+00
-6.696474020503220270e-01
4.918195507140366018e+00
-4.052854665801672862e-01
4.740163780855785269e+00
4.874194480032699062e+00
4.841901175227686593e+00
4.738490238538153321e+00
4.916544799734662519e+00
4.895350332650663105e+00
4.822890886521495446e+00
4.873127457901790471e+00
4.873921012481520876e+00
4.853060807224268913e+00
4.924432544343347651e+00
4.857353621678504041e+00
4.887861773646442920e+00
4.837399365673872076e+00
4.944373167430065052e+00
4.934983077592755230e+00
4.856989759144087593e+00
4.879000063461325531e+00
4.891656369352586964e+00
4.874870666969638222e+00
4.901196659892816498e+00
4.807894072103803929e+00
4.909371060642598650e+00
4.759921046180064508e+00
4.879696230315450300e+00
4.907738975440887330e+00
-6.014049728023188601e-01
4.915813501966034949e+00
4.916829943008423243e+00
4.775164978441972963e+00
4.945095235917385423e+00
4.898534970320044479e+00
-8.434242363824396849e-01
4.939149051290873338e+00
-8.337212653239671756e-01
4.890920099943565802e+00
4.935361802950820831e+00
4.944288749058840970e+00
4.849058542815652295e+00
4.826620295152012297e+00
4.789848893020258735e+00
4.839050359021136671e+00
4.845132131902391670e+00
4.866134341053225398e+00
-8.916763311831008565e-01
-8.390332959906885435e-01
-8.496338945403083542e-01
4.826108217319545091e+00
4.876349176133663477e+00
4.848325999921540230e+00
4.821805599947352583e+00
-5.148378053707499680e-01
4.890295546507118729e+00
-7.790784531678550673e-01
-4.288330982033177197e-01
4.873885636409166722e+00
4.906304693254297078e+00
4.874077532726233564e+00
4.884696150757353195e+00
4.894020177407831795e+00
4.927831537618308388e+00
4.857075084996170133e+00
-8.084633358362474098e-01
4.902044995997352217e+00
-5.071566135189550240e-01
4.911610476334814734e+00
-8.923666463081870726e-01
4.910265659292505802e+00
4.876348944882481717e+00
4.942695122648160577e+00
-9.794670277360563171e-01
4.933574945874046769e+00
4.956659519298285410e+00
4.919910621609342449e+00
4.897333283131369619e+00
4.865229595020555742e+00
4.934484829779534287e+00
4.860147693145709269e+00
4.866359746619141724e+00
4.839829392746842984e+00
4.831190712544026766e+00
4.842428050998228706e+00
4.864234275445706857e+00
4.904068286488382000e+00
8.060615055259181538e-01
4.917500757365141695e+00
4.858070749261177212e+00
4.877719121974823935e+00
4.847932960295633364e+00
4.832707307592034596e+00
4.887384632776880622e+00
4.841380936191765016e+00
4.877523585783945848e+00
-4.486868437617494987e-01
4.915396900548135051e+00
4.918181994950979075e+00
4.924598053199139791e+00
4.893732804551348181e+00
4.863899554523941404e+00
4.883333072046206702e+00
-7.933108715613259587e-01
4.803649447366724168e+00
4.844540817804746879e+00
4.963321042272069938e+00
4.893862554869095050e+00
4.906528480818168170e+00
4.882316614264565757e+00
4.896855452207904413e+00
4.836903587708066610e+00
4.910862570529160642e+00
4.896735366384688426e+00
4.869782014892169109e+00
4.840465485130739154e+00
4.892316296773769224e+00
4.906485977107733376e+00
4.933915941038978126e+00
4.865473074503075424e+00
4.776639815003020928e+00
4.871369194929215496e+00
4.890118202034947181e+00
4.826596009912201168e+00
4.927388736323376150e+00
4.893643268971059612e+00
4.881106027870414366e+00
4.888646402273858271e+00
4.877394199128051611e+00
4.872155726764563433e+00
-8.035627031075875948e-01
-7.971492697677513561e-01
4.892372802204167037e+00
4.884286388831175607e+00
5.797394693679812860e+00
4.921661159026146315e+00
4.908075490304488753e+00
-7.647589381696349164e-01
4.886139369918126363e+00
-4.474743608315668864e-01
4.840938384137408512e+00
4.900681675462573494e+00
4.909984370415106270e+00
4.897008432723121807e+00
4.879829129231207929e+00
-4.453249585999342619e-01
4.934531288569997010e+00
4.873849713638787939e+00
4.902074881135134454e+00
4.841963244618746387e+00
4.816922777699057079e+00
4.936430420563436172e+00
4.891507365323463752e+00
4.844020560509626705e+00
4.841722405343732660e+00
4.883152438534716921e+00
4.899888259007362912e+00
4.841336237288013322e+00
4.903307590731183829e+00
4.897350115023456851e+00
4.821200699926793121e+00
4.866308612665665834e+00
4.853446651298991554e+00
4.882337411758127743e+00
4.901536609658895927e+00
-4.430865846242365569e-01
4.924363382754823881e+00
-4.873554015867803679e-01
4.918915548961176221e+00
4.945333185455297986e+00
4.918193306876142756e+00
4.936868444823565127e+00
4.938578661549446025e+00
4.928233336346223403e+00
4.948948611520241236e+00
4.909747818229595495e+00
4.906208288303250953e+00
4.914046745882064471e+00
4.909228934169339809e+00
4.895605072630250021e+00
4.679598569305557731e+00
4.915120283431548387e+00
4.932996608367843372e+00
4.829332869933253392e+00
4.893673095779245585e+00
4.899083087699585448e+00
4.920956378413543497e+00
4.937914057905937959e+00
-8.757241311383900939e-01
4.873517573919528445e+00
4.920934473450566671e+00
4.937843881584057293e+00
4.884632634155046560e+00
4.942988175963860087e+00
4.882883784360208423e+00
4.895354120117203500e+00
4.853482048692786321e+00
4.903623908445863933e+00
4.906539572973468211e+00
4.920940684255757702e+00
4.880419867752815222e+00
4.928806578599515653e+00
4.920895642677146853e+00
-4.643474095033240934e-01
4.884551198702997254e+00
4.941375316434603704e+00
4.924511960592323767e+00
4.922677268549478846e+00
4.884097824117107578e+00
4.902215149931594240e+00
-4.244216848751103388e-01
4.919603557483922529e+00
4.839894018768235107e+00
-8.609909819286832855e-01
4.921741437380062756e+00
4.814814435854975372e+00
4.895926829664055902e+00
4.845763682111293491e+00
4.933944722743839328e+00
4.891068383185029234e+00
4.838909913637540861e+00
4.879979335682600450e+00
4.934071136840949556e+00
4.864230949584405828e+00
4.937465847194506097e+00
4.837715319741841213e+00
4.904308477493487750e+00
4.952831845064022964e+00
4.834163986797539891e+00
4.853967566313368565e+00
4.903935753644130813e+00
4.936147400605123359e+00
4.906079406411313570e+00
4.801312074131089958e+00
4.919918743384506854e+00
4.899085278461625670e+00
4.923284410462727578e+00
4.854756482203545609e+00
-5.173283447218239850e-01
-4.770502490990357058e-01
4.870966218486266541e+00
4.891715215390924243e+00
4.862968338842957650e+00
4.880801861270556152e+00
4.925368880902619928e+00
4.897112609484507217e+00
4.903833372635677534e+00
4.904736486893261471e+00
4.796541600159473617e+00
4.861220218802043469e+00
4.934718539774568313e+00
4.839557033555767163e+00
4.898369502855766555e+00
-9.082360266695138629e-01
4.800656594056626147e+00
4.861186196635733481e+00
4.872255674226807720e+00
4.856276881767745301e+00
4.793033778915605225e+00
4.841218923472634827e+00
4.948267011246754166e+00
4.955509422152164056e+00
4.778106731361559945e+00
4.902597227319515305e+00
4.904472430591291676e+00
4.829809805353521668e+00
4.888400369962573322e+00
4.902356213412980779e+00
4.872005540041865146e+00
4.897252741964903677e+00
4.925095699133054339e+00
4.848853328219197678e+00
4.886620032712534645e+00
4.857140665953176395e+00
4.870979730693765219e+00
-4.632022449114728824e-01
4.885449887571969185e+00
4.853012336094574053e+00
4.826760687161698371e+00
4.868591002109440069e+00
4.918426995793096168e+00
4.833946302575652609e+00
4.876878511598624399e+00
4.828953832187211859e+00
4.915701580097847412e+00
4.904706395303641386e+00
4.956656488719892728e+00
4.899067180519006470e+00
4.953563209912706711e+00
4.946563127407846316e+00
4.920986605803421732e+00
-4.760432406683862139e-01
4.897852813671399019e+00
4.904269208476885744e+00
4.945021607389428198e+00
4.854775700729778265e+00
4.873178429969399872e+00
4.899884298169228991e+00
4.899265195276558238e+00
4.914410318728680949e+00
4.923662086514251968e+00
4.927832902677387494e+00
4.896762085411230814e+00
4.887161329600262505e+00
4.855279799476294400e+00
4.852416984838420433e+00
4.914143205699348371e+00
4.846809013167111324e+00
4.922231473734811402e+00
4.870205835768384617e+00
-2.455253809958234390e-01
4.883915781903501951e+00
4.915937174014660016e+00
4.900004574770373544e+00
4.911762308868443228e+00
4.846653417373161687e+00
4.905398705167597129e+00
4.918306191641932834e+00
4.842765834474858089e+00
4.912833362957391259e+00
4.885627013164102195e+00
4.918859157290783379e+00
4.901878422726578144e+00
4.911279649931082680e+00
4.907564580339642824e+00
4.864691004457846191e+00
4.895466610689108933e+00
4.925008165986556996e+00
4.890051049942548467e+00
4.926910941504297980e+00
4.811813452882169884e+00
4.903139402790758439e+00
4.873345900172062706e+00
4.912976088857141654e+00
4.944461614697452490e+00
4.857467575016539918e+00
4.932477944777650336e+00
4.931117282408456148e+00
4.779974955886382659e+00
4.870483716466912583e+00
4.890363457851883311e+00
4.933535764892878817e+00
-7.957856889316587967e-01
-2.248681090650448411e-01
4.891316815343271784e+00
4.892777883831403329e+00
4.917567003139645010e+00
4.910088371714325106e+00
4.943399756940978662e+00
4.836342898433624526e+00
4.944788523857896578e+00
4.922761442691898637e+00
4.931360386380054805e+00
4.925623041206961261e+00
-8.044792376790040889e-01
4.868476867513361839e+00
4.926531088320185603e+00
4.936321407665878347e+00
4.891142476706746400e+00
-4.592814968297835865e-01
4.925019168844946726e+00
4.948496690563287004e+00
4.893846258003875960e+00
4.930909844142503218e+00
4.924057478411348221e+00
4.881583537561961172e+00
4.885657699220745442e+00
4.952735053449476510e+00
4.954600591815403909e+00
4.922982357124336517e+00
4.872074783267098752e+00
4.872583362195698875e+00
4.906959365751371038e+00
-4.913662206745019745e-01
4.858502967873302936e+00
4.906658370475216024e+00
4.892980978672286874e+00
4.886371495337040294e+00
4.941989360953564336e+00
4.899511329492290734e+00
4.902761212809833680e+00
4.856063551709226545e+00
4.903004368076242514e+00
4.925977967784440636e+00
4.905399406885342373e+00
4.895804329274854538e+00
4.925832024282398969e+00
4.903197036019060207e+00
4.921622424373923721e+00
4.851867218503788770e+00
4.907280461927181037e+00
4.860047634766750946e+00
4.867194947293302931e+00
4.877149917921691724e+00
4.884053990320175842e+00
4.836493664325992370e+00
4.909299996969184399e+00
4.902744774936108385e+00
4.946368842034489788e+00
4.926475063852741698e+00
4.918436600975197415e+00
4.939971360158478042e+00
4.922432346927086755e+00
4.940930782112772590e+00
4.896115935339777181e+00
4.941294436344389140e+00
4.920650380123118062e+00
4.897773890321692747e+00
4.929213991015109819e+00
4.918746216397215321e+00
4.874575106077893238e+00
4.888152605741137080e+00
4.898196418231027138e+00
4.883859104182135979e+00
4.917432581071971676e+00
4.868305849985859801e+00
4.806801268045566289e+00
4.893421018323664384e+00
4.931129430613368392e+00
4.867553831399533237e+00
4.862176133912877063e+00
4.906020553191564382e+00
4.925778748348491831e+00
4.912522823691048757e+00
4.858549438233581874e+00
4.926041300697892922e+00
4.912682696011013483e+00
4.934117362415721075e+00
4.899854813637126050e+00
4.910607293737117018e+00
4.917514536754735488e+00
4.859268263808372623e+00
4.930785024686670681e+00
4.863951893791582215e+00
4.877314029086670999e+00
4.919846750805350055e+00
4.915641186136697982e+00
4.905156454934842536e+00
4.900703325592532522e+00
4.930548754966116221e+00
-2.719283029996995005e-01
4.928461197327148824e+00
4.971221924094434641e+00
-9.358953883367928661e-01
4.916764623253663480e+00
4.856864497153277505e+00
4.859167697012306775e+00
4.947053358006325396e+00
4.882351065444300531e+00
4.908835136697460300e+00
4.910163041860406530e+00
4.890735557347156259e+00
4.835606035833432514e+00
4.871276711822561722e+00
4.881956217614536797e+00
4.829824121279173710e+00
4.932926993112374703e+00
4.914521730509384234e+00
4.898726014176231658e+00
4.842731063400597336e+00
4.879510284179939816e+00
4.881240748114821670e+00
4.935741767222333820e+00
4.931452872494155315e+00
4.891032881093881457e+00
4.924344148347985950e+00
4.862129770379596039e+00
4.939982502524848051e+00
4.891823143654437267e+00
4.880741414854275817e+00
4.891331729875217249e+00
4.831952525360621920e+00
4.869427020725780153e+00
4.918001752213982058e+00
4.898804612602384978e+00
4.886458204208712353e+00
4.932031415455721657e+00
4.835982208336647048e+00
4.933250199810465197e+00
4.935078709768188077e+00
4.866715275126205498e+00
4.935807550763249729e+00
4.935108433559705077e+00
4.911595807363045019e+00
4.804251507094354778e+00
4.908487016239353018e+00
4.924920746617551082e+00
4.885234085318144182e+00
4.922324226485506493e+00
5.819379322630725326e+00
4.909961352812866053e+00
4.869055654393349641e+00
4.924066704205804612e+00
4.891394792980610973e+00
4.907705733633093814e+00
4.864191148269484621e+00
4.907648703462068163e+00
4.931587505124312543e+00
4.921741594328257641e+00
4.887377660467816298e+00
4.935997669381176678e+00
-3.822746539468806493e-01
4.882905108467710420e+00
4.851926943745898946e+00
4.899448997862970501e+00
4.873264064398615147e+00
4.919024363149197221e+00
4.867309486116005779e+00
4.887326008515141318e+00
4.853927010777287165e+00
4.881469000294688776e+00
4.902558611032952207e+00
4.875860993164742752e+00
4.876469738940457432e+00
4.936680284168444288e+00
4.847064922089939998e+00
4.910060364524058585e+00
4.877394471898394812e+00
4.869983297845109860e+00
4.887985860274035588e+00
4.920005170753848134e+00
4.935931759327139901e+00
-1.197771486555743170e-01
4.966705821061437653e+00
-3.809133636667980660e-01
4.900792741934569818e+00
4.908156718569633981e+00
4.832090653227923305e+00
4.918606589974539922e+00
4.935100929347674636e+00
4.930622531022884836e+00
4.899022983852877822e+00
4.933450537459838969e+00
4.911714482684153893e+00
4.925826343663635143e+00
4.930012902953775367e+00
4.897911419150613455e+00
4.855533724284024188e+00
4.876757289425007968e+00
4.887249098548693382e+00
4.927375260675379565e+00
4.883514340418484423e+00
4.906227326175405246e+00
4.877478953019979357e+00
4.902794352416663948e+00
4.933979620446703684e+00
4.808152364989878080e+00
4.899858093090118771e+00
4.809585581290977352e+00
4.874796203430218355e+00
4.814335848695800557e+00
4.949186605444883646e+00
4.913693285354195694e+00
4.932788379042656324e+00
4.955826113480036099e+00
-4.830017325527353744e-01
4.905811713562338028e+00
-4.483850564731276522e-01
4.884936506425434644e+00
4.901825255156620820e+00
-4.907263856687394954e-01
4.902251416460853939e+00
4.857740729180450856e+00
4.879227003945503682e+00
4.869651678027503650e+00
4.906592630012576173e+00
4.882269290358321356e+00
4.920094227477444626e+00
4.945972529905388271e+00
4.897204956256000941e+00
4.854527310936878060e+00
-5.879801251111956839e-01
4.895079388898444961e+00
4.928825568472465335e+00
4.817167787044507321e+00
4.930855337516721448e+00
4.930124907680859536e+00
4.928563617150692799e+00
4.926091792131670033e+00
4.897759675969269644e+00
