1.020947193335779296e-01
-8.151501676143985131e-01
-4.470681529692291933e-01
-7.500587296121865588e-01
-6.711930185754404476e-01
-8.774993001915759594e-01
-1.922164369111063920e+00
-6.712486607416872086e-01
-6.191640830675324558e-01
-6.642442721753150092e-02
2.064284594015258212e-01
3.461772992653580072e-01
1.654738396530977540e-01
-1.678256786377367304e-01
1.345806101902645158e-01
-4.397503990988101963e-01
5.341660995521899102e-02
-4.289709259303361305e-02
-7.009539970534359732e-01
-2.228347675921476811e-01
-9.269190929100825649e-01
2.115678672476045685e-01
2.343251563596983680e-02
5.333568367782808711e-02
-9.077947338754835394e-02
-1.640832910557415980e-01
9.700241323169409013e-02
3.717768334860022672e-01
-2.910487301419334427e-01
2.518666727612642320e-01
-2.643352303624483812e-01
-2.394768415626724878e-01
-4.814759656859505382e-02
3.294935647839701831e-01
-3.854075150948093054e-01
1.466904435407229493e-02
-8.714911818768636409e-02
7.586383269679239372e-04
7.047614761324938470e-02
-8.188012041022758591e-01
1.152878480671289257e-01
-1.193111938997453159e-01
-2.956111335361705228e-01
-1.490177021032247362e-01
-7.643153079714551379e-02
-1.937424342851487846e-01
-1.871365705769336141e-01
-1.144270445413062776e+00
-8.684695888592548485e-01
-1.468456673764591269e-01
-8.332696635015344189e-01
2.527661285230070054e-01
-9.434964028141006043e-02
5.513914059875324458e-02
-4.522517538733349385e-01
-6.884222545365176193e-01
-9.853290793560721683e-01
-7.938817679404690519e-01
-7.922474680880025044e-01
-3.788443078339140957e-01
-6.299345163908833811e-01
-3.877569370976112761e-01
-3.712406027628791794e-01
-2.534924730845276031e-01
-3.297098665569871967e-01
-3.657275508484821858e-01
-7.444922405069340776e-01
-4.489610726480222080e-01
1.305914430426401296e+01
-3.094095131691096956e-01
-3.595561936275410986e-01
1.302915508337843420e+01
-1.782557086526852519e-01
1.309474062308322928e+01
-3.817671692686864793e-01
1.304546626709974966e+01
1.307755618521198926e+01
-4.559325293096491150e-01
-4.505365381271033698e-01
-3.729314892885394750e-01
1.306373336045571065e+01
1.306786846942270586e+01
1.305866687825469796e+01
-3.903926602941848456e-01
1.304039770340665250e+01
1.309761334094994822e+01
1.303643600816627135e+01
1.306385153245594211e+01
1.307503445306331713e+01
1.309115913293922873e+01
1.307518468328131078e+01
1.308913809950848872e+01
-3.787266567271558859e-01
1.308492155654022326e+01
1.306378126219378011e+01
1.307590735411822536e+01
1.305422444740743515e+01
1.305515583414907965e+01
1.305233701497777865e+01
-4.616631570907359094e-01
1.305998480179468757e+01
1.309121719356908464e+01
1.308598674270386653e+01
1.303281309058071358e+01
1.402929907791347830e+01
-2.771645738517366508e-01
-4.284486975777943574e-01
-4.331634213446425852e-01
1.305793548125189929e+01
1.306495263464655743e+01
-3.570272077414026191e-01
1.306625831834500495e+01
1.307097392559439086e+01
1.305718127232825054e+01
1.307448566970673554e+01
1.304574719020970797e+01
1.304773102792423956e+01
1.310300751658351359e+01
1.306860273540506512e+01
1.305487828224567970e+01
-4.688455529714417036e-01
-5.155498927339410287e-01
1.306423571248612880e+01
1.307409557494651331e+01
1.304587840645419128e+01
-4.422623562859180346e-01
-4.112503752530934920e-01
1.303228158041574325e+01
1.305388094064595883e+01
1.308029032818659232e+01
1.304932376765419022e+01
1.305181794438002640e+01
1.306229339995549665e+01
1.305157877886738405e+01
1.308667090078240314e+01
1.306558085230127375e+01
-5.935478858806741975e-01
1.306182550178247936e+01
-4.418097878491618058e-01
1.303326100121959463e+01
1.305640902704933204e+01
1.307429880268205125e+01
1.304092229944212811e+01
1.308368145854411679e+01
1.308076647200207177e+01
1.304229043725085191e+01
1.306793576779590538e+01
1.303569347919658838e+01
1.306954592418239791e+01
1.306628618590191770e+01
1.305484186089319465e+01
1.306654063708284141e+01
1.303450291575697406e+01
1.305175522404648447e+01
1.308549701863306147e+01
1.304714692877032078e+01
1.308170504621520358e+01
1.303822869580308996e+01
1.304214104561431142e+01
1.308819577936985112e+01
1.306493459329214168e+01
1.307567650667181525e+01
1.303918294502483022e+01
1.304371384961385338e+01
1.308094488331843053e+01
1.307576982844882529e+01
1.305383961363680356e+01
1.304861310805659969e+01
1.405468601312032106e+01
1.305082387668868193e+01
-2.920169663580531871e-01
1.305953008008033578e+01
1.306301755333570291e+01
1.307756896892631104e+01
1.301514124391273164e+01
1.304594655693252392e+01
-1.822108561869428822e-02
1.303699264747275954e+01
1.303707815065246578e+01
1.404812067831473144e+01
1.303942190548829494e+01
1.308210975805796217e+01
-4.742716458303266602e-01
1.305960657163297789e+01
1.306319463513490930e+01
1.304213463652884819e+01
-8.710724015125703712e-02
1.308418116526325470e+01
1.303858957351281234e+01
1.306464772531689178e+01
-4.183033975127031789e-01
1.304322593289076515e+01
1.304504540478111352e+01
1.305224639993548408e+01
1.304810065404469910e+01
-3.951451242900025917e-01
1.305306304928658712e+01
1.307058114953470351e+01
1.306316778759911124e+01
1.306076060986653076e+01
1.309201964545389885e+01
1.301721299866294501e+01
-4.280443832054430242e-01
1.304175283793871820e+01
1.305468246650709219e+01
1.303933689151492814e+01
1.309835203053772190e+01
1.303552611855853272e+01
1.306491350709029220e+01
1.306738021420736473e+01
1.305784511429545347e+01
1.304237400768868049e+01
1.307923641506727286e+01
1.306336387370613572e+01
-8.460404110373187514e-02
1.307167150233102326e+01
1.403527617682220807e+01
1.305981325575726615e+01
1.307960768672225349e+01
1.304060692220640760e+01
1.303778825986042733e+01
1.307245357761696880e+01
1.305350169526256465e+01
1.305757714433287120e+01
1.307440575768219659e+01
1.303194348973521244e+01
1.306318826829225088e+01
1.310674699467056570e+01
1.307097249854470178e+01
1.304191780629395758e+01
1.306856145438335837e+01
1.303843716466204228e+01
1.306166860288923637e+01
1.305982185264139694e+01
1.304738833206655535e+01
1.307380862518865605e+01
1.306798489971001764e+01
1.307478131777912722e+01
1.308186219203071055e+01
1.303863123355598219e+01
1.307788058033760770e+01
1.305202899246765647e+01
-9.130238400758642348e-01
1.308390308032320526e+01
1.306935412601102442e+01
1.305224558014669256e+01
1.306960596949232922e+01
1.304717945706967086e+01
1.310022532265740125e+01
1.307120117089069034e+01
1.307923905285573518e+01
-2.385637236697288888e-01
1.305509122905476538e+01
1.306756569402421775e+01
1.306366304862720717e+01
1.306571148044849018e+01
1.304374057613908988e+01
1.305577080296903603e+01
1.308665475338567319e+01
1.307931989406780815e+01
1.304260783661296053e+01
1.304771374860151489e+01
1.303865903391816872e+01
1.308669320795899083e+01
1.304289880300072824e+01
1.304771317419868026e+01
-3.896760689184507465e-01
1.307496560743433633e+01
-3.840364733815595510e-01
1.307450276731775674e+01
1.304676575712415776e+01
1.306749982935211563e+01
1.304603909156342922e+01
1.306553609800965887e+01
1.302789035296758513e+01
1.308147106068719090e+01
1.305904614485544002e+01
1.304716452710814067e+01
1.308893994327437227e+01
1.304092459763300660e+01
1.303601192108046192e+01
1.404887076062488127e+01
1.304060501372872949e+01
-7.394168667726291888e-01
1.306642511426140096e+01
1.303963346006549173e+01
-3.363650025728553983e-01
1.306636645125138152e+01
1.305861569201165295e+01
1.305403250925145464e+01
1.306136541313724919e+01
1.306162777280097487e+01
1.308207854543921300e+01
1.305659114212159011e+01
1.305777057543964048e+01
1.307497265343160642e+01
1.308097180734131726e+01
1.306809575887203678e+01
1.300419961928853674e+01
1.306892794308484795e+01
1.308578419202974175e+01
1.304965978939328153e+01
1.405308165711558210e+01
1.306179219800918290e+01
1.306924350151068026e+01
1.304694546606711469e+01
1.309656471185372695e+01
1.308279323824599771e+01
1.309218079899083520e+01
1.305193774801251294e+01
1.304836842795092622e+01
1.306477103992665967e+01
1.304775691720343822e+01
1.309336859463533642e+01
1.304946390689759106e+01
1.307695591604049490e+01
1.307108044150510651e+01
1.304611879124814244e+01
1.306023975563555695e+01
1.307034178107916667e+01
1.308403776638090221e+01
1.305405432517036246e+01
1.307086978935275390e+01
1.305613923597295845e+01
1.303434462285915885e+01
1.305833878581333884e+01
1.303313115495799224e+01
1.308017375696405260e+01
1.303860661485800776e+01
1.305724201791907646e+01
1.305055753762889736e+01
1.308568892401943273e+01
1.308215561993281995e+01
1.305761570738414079e+01
1.305244902512104588e+01
1.307130252493968392e+01
1.306388693486593766e+01
1.308812066666608942e+01
1.306554446618065057e+01
1.304351603560384376e+01
1.307632544488682491e+01
1.303348038468610071e+01
1.306117058233255790e+01
-3.645690213745319541e-01
1.307156750166113035e+01
1.306284314721923856e+01
1.310935652503173543e+01
1.307223291024473966e+01
1.310455772958871279e+01
1.306765209267289052e+01
1.306965591569765905e+01
1.304709681308191804e+01
1.308848619697625182e+01
-4.503876188258822966e-01
1.305491338009120739e+01
1.305531570009690867e+01
1.307845834090669435e+01
1.305739415433617268e+01
1.309304893186605767e+01
1.315896658491759119e+01
-8.547288969164240635e-01
1.304974166675205893e+01
1.304071273360538186e+01
-4.600107526300578620e-01
1.305700456226718131e+01
1.304253583049389675e+01
9.260518325462374634e-03
1.306951906922514972e+01
1.305598597004795636e+01
1.304693574074870810e+01
1.305926326196597032e+01
1.308407454327859654e+01
-6.614436120843791844e-02
-1.025451941956615487e-01
-9.056790157910346029e-01
1.412175572472406948e+01
1.305668828305326912e+01
1.303831324388156432e+01
1.305817035394571057e+01
1.307871167136524626e+01
1.303944189476044890e+01
1.305656192303352370e+01
1.304828726069901279e+01
1.309025313753544850e+01
1.307588901229365597e+01
1.305403728996883217e+01
1.306008419334799342e+01
1.305277960358266753e+01
1.305099881235309667e+01
1.308135501312394666e+01
1.305528339174461294e+01
1.307460707333041228e+01
1.304550414163051641e+01
1.304629979887816660e+01
1.304457638353000348e+01
1.304611186220397911e+01
1.304756535398276718e+01
9.032260443054445087e-01
1.305682663675628419e+01
1.307869886419168104e+01
1.306217361117593256e+01
1.307522973567002644e+01
1.404435194097946749e+01
1.304914917741457003e+01
1.306748216592821166e+01
-3.131654543761794862e-01
1.305573091744805048e+01
1.307746274294495592e+01
-3.156601227098072560e-01
1.308607858503561161e+01
-7.144464957303398034e-02
1.304838059907462267e+01
-4.761686096165174131e-02
1.305089064742092475e+01
1.307357301429698282e+01
1.308767286434147081e+01
1.304815293463423487e+01
1.304310911999314548e+01
1.307426680569463073e+01
1.309192939400393740e+01
-3.237786933038886428e-01
-1.164991604171244921e-01
1.304385239774503447e+01
1.308021283946058944e+01
1.306405810150937086e+01
-8.705069648877572508e-02
1.304043200035414074e+01
1.306451757629625021e+01
1.303799126793151864e+01
1.305627486602163145e+01
1.305337278283619895e+01
1.405511892473443147e+01
-9.856077566043552896e-02
1.304884108562048084e+01
1.306098836846002165e+01
1.307042948958213380e+01
1.305030534046258239e+01
1.306418147705060484e+01
1.304954715785150299e+01
-6.150271378939586864e-02
1.307030363905379033e+01
1.305622537690319618e+01
1.306536694666742804e+01
1.306600295327093164e+01
1.308627974849682474e+01
1.308974321271287522e+01
1.308283302146669769e+01
1.304606736909541631e+01
1.304529045691251987e+01
1.306664634486945431e+01
1.306238557180116544e+01
1.305994438694714788e+01
1.305511797560018827e+01
1.305857275243322491e+01
1.304785299446358593e+01
1.306091420300113626e+01
1.404687024654415950e+01
1.304879798546725667e+01
1.307688521351336064e+01
1.305207181835665153e+01
1.403722581581551765e+01
1.305089205710198996e+01
1.306861566897701366e+01
1.305907015824660533e+01
1.306279373851765691e+01
1.306702125335630882e+01
1.407549546885413072e+01
1.405114381758288111e+01
1.304679142503715994e+01
1.305925572849610816e+01
1.306180336185261481e+01
1.308605058343340133e+01
1.304981661806994353e+01
1.306484153705609508e+01
1.306653067232580234e+01
1.309216313488337491e+01
1.307555765830539585e+01
1.304894729349842564e+01
1.305285703539623121e+01
1.306509767881874318e+01
1.306751293351297605e+01
1.306747347953908900e+01
1.307079734620301892e+01
1.306270361477595188e+01
1.303584813948821619e+01
1.304465131966604652e+01
-9.112921648711850287e-01
1.304928377085385804e+01
1.308815526836920640e+01
1.304900630043764664e+01
1.304767137189124071e+01
1.305192230778553508e+01
1.307967310317867593e+01
1.305066005437572940e+01
1.305623104633779619e+01
1.308454400428391118e+01
1.305886274924743518e+01
1.309322778174124480e+01
-3.548899543094373721e-01
1.310181349081057434e+01
1.308635383044109801e+01
-3.507519596259935923e-01
1.304688045676329544e+01
1.305052666222050917e+01
1.304517726032242209e+01
1.307796252070914811e+01
1.306285542481923123e+01
1.305598178834898171e+01
1.305297507331852458e+01
1.302865715882299646e+01
1.307314099019792764e+01
1.304841233148348678e+01
1.307627692889632165e+01
1.302429926224364110e+01
1.304829191833807300e+01
1.303064360149991607e+01
1.309312233426484440e+01
1.406034567479418840e+01
1.308366087193588356e+01
1.303913347520377819e+01
1.306043937823680068e+01
1.304823872818851527e+01
1.304924423508854403e+01
1.307095380930285344e+01
1.307579533746390332e+01
1.306112669292581430e+01
1.308462013353693365e+01
1.303271012507869742e+01
1.304779258620220261e+01
1.306739146986782174e+01
1.305036160168918258e+01
1.304989869580003159e+01
1.303565084431465237e+01
1.306407535469526948e+01
1.304482139139475372e+01
1.304729991912337361e+01
1.307612148650547645e+01
1.306807032115984946e+01
1.405758481214999733e+01
1.305865146059356974e+01
1.303812360303257734e+01
1.305421048574984511e+01
1.309177005246273140e+01
1.305301306396240335e+01
1.305273838097245509e+01
1.305564915740528242e+01
1.306496233254299888e+01
1.304178124640678504e+01
1.303660688298117520e+01
1.304230339012566375e+01
1.307879400739969178e+01
1.307908368312378400e+01
1.305912055952160777e+01
1.303479144676949275e+01
1.305154988928084414e+01
1.308290579580030943e+01
1.306860797942129082e+01
1.504135295872993439e+01
1.308219654208098248e+01
1.305662482973385963e+01
1.305971837239491506e+01
1.504549101855852200e+01
1.304080354557446597e+01
1.305329307611632750e+01
1.309684719177916534e+01
1.306143229881144663e+01
1.306977553379970658e+01
1.305588221218506106e+01
1.306838443502973313e+01
-4.619697181487999460e-01
1.303612797497272524e+01
1.304566153490191738e+01
1.304952122290917060e+01
1.303253734221851978e+01
1.307033037582025692e+01
1.309571209062204034e+01
1.301142660791362715e+01
1.305188991211232974e+01
1.307218038596090182e+01
2.164778288751634250e-02
1.305506027483184006e+01
1.307024172171310639e+01
1.305816794200694630e+01
-8.994703452698316060e-02
1.306388203619954425e+01
-4.069792291119175287e-01
1.304690698342373523e+01
1.305522442059012178e+01
1.305464914984175806e+01
1.309256270267436584e+01
1.304018615049210972e+01
1.304541628915156259e+01
1.307368305465146641e+01
-9.080595864414897633e-02
-7.729848376276982069e-02
1.304632166739016697e+01
1.304057301201269681e+01
1.307252773056859851e+01
1.307890916317598951e+01
-4.098118076225873985e-01
1.306581527858613612e+01
1.307257009471291198e+01
1.307733327368465837e+01
1.305053945808478844e+01
1.305029597054469370e+01
1.306138178781736414e+01
1.306382710831319116e+01
1.306456476205828565e+01
1.304806720019375987e+01
1.307101292480594346e+01
1.309157778852763521e+01
1.304953626072828854e+01
1.303686420885630426e+01
1.405324259488583039e+01
1.305334087422722256e+01
1.308109427971306005e+01
1.306896286008735331e+01
1.301684725080381000e+01
-1.120083979944144215e-01
1.309686736135541452e+01
1.308626011827059799e+01
1.303645483385808390e+01
1.306562919967532643e+01
1.308415138520079068e+01
1.305843827844208427e+01
1.308763976040667742e+01
1.307266052699718273e+01
1.305507739099363818e+01
1.305589767284770630e+01
1.304182636375180593e+01
-3.393339912946006232e-01
1.307369346754834538e+01
-3.853331825110275499e-01
1.303059923668360298e+01
1.312052381939065526e+01
1.303910074947842013e+01
1.307113098895965564e+01
1.304655105095441314e+01
1.304568198491935149e+01
1.305812184875794557e+01
1.306189602501531510e+01
1.304383022847754958e+01
1.307905349924369531e+01
1.306478520114973563e+01
1.306790217453395542e+01
1.304314947056129270e+01
1.307797676709327916e+01
1.305052758044485373e+01
1.303417267710300287e+01
1.306319635651357913e+01
1.304528108571160416e+01
1.305683066796910197e+01
1.403904767865994074e+01
1.304333634915690254e+01
1.304917081089513964e+01
1.306793112333125606e+01
1.303684585794118611e+01
1.304647506417061820e+01
1.306931205453033584e+01
1.305680124838092482e+01
1.309600934621319013e+01
1.306045118728804866e+01
1.304901701603196784e+01
1.304354808549509315e+01
1.304912333711120809e+01
1.304896684647660088e+01
1.304426305938860331e+01
1.304251148947057715e+01
1.306068777244514933e+01
1.307946394289910153e+01
1.305762375579968726e+01
1.304929655674182953e+01
1.305166312594473688e+01
1.305144881214242325e+01
1.306271532729797258e+01
1.307569837801025869e+01
1.305321451979926017e+01
1.306046517734251999e+01
1.304933175149122171e+01
-5.209247688951468280e-02
1.305935963393535104e+01
1.307850853250001855e+01
-5.920199517968305347e-01
1.304444885847068214e+01
1.308764770424886592e+01
1.309659778580254041e+01
-4.671785395940142305e-02
1.305839733030210681e+01
1.405100352881732206e+01
1.306320903461906013e+01
1.307116377369860416e+01
1.305797949686718518e+01
1.308858816507748379e+01
1.307404756518957178e+01
1.304421684440573337e+01
1.304439641877949896e+01
1.305908389405617598e+01
1.305216310134591495e+01
1.404926358707004397e+01
1.307061249856755580e+01
1.306093664728479986e+01
1.308276477917040559e+01
1.307459930437834394e+01
1.306719119529451234e+01
1.305891462053746288e+01
1.404558171529361665e+01
1.304317277926568153e+01
1.307250925313720558e+01
1.403726674941159658e+01
1.306715626076486814e+01
1.308521088421625223e+01
1.306301706770010540e+01
1.309181401556929103e+01
1.305656348806931533e+01
1.309297447268465397e+01
1.303466724699508639e+01
1.307417620903940580e+01
1.305034790486259588e+01
1.305669132083543360e+01
1.304813909079469703e+01
1.403425258674554676e+01
1.306035911843439123e+01
-1.720623882350207356e-01
1.308645489500629822e+01
1.306656573211432537e+01
1.308332939131501149e+01
1.305926102902663288e+01
1.304043394082102836e+01
1.305731089560126357e+01
1.306160968418059198e+01
1.303732683451257657e+01
1.305418667238593855e+01
-3.824925408238062374e-01
1.306399281831160053e+01
1.305534658910579893e+01
1.309282740363050479e+01
1.308781853777144022e+01
-4.289350086708618726e-01
1.306595896072856711e+01
1.306817184182331104e+01
1.307127254754250067e+01
1.403833743384954857e+01
1.304877918303213136e+01
1.307479588653472291e+01
1.306310115480119194e+01
-4.476995917730354213e-01
-3.318855022016099499e-01
1.305408363723836018e+01
1.304780195578006463e+01
-3.563100494390861739e-01
1.309024737385962212e+01
1.307067606521579606e+01
1.303496219309300130e+01
1.306262412681015128e+01
1.304125267421446566e+01
1.304304960862907947e+01
1.306702863454609798e+01
1.307157851467998455e+01
1.307307001932753643e+01
1.306062464614399588e+01
1.304650683951294710e+01
1.308885229698645958e+01
1.305224021881734942e+01
1.303370016620152505e+01
1.307855901951043442e+01
1.308989316242099221e+01
1.308095166292891953e+01
1.303642634386784849e+01
1.307653447886246667e+01
1.306062756491387233e+01
1.306266721398060326e+01
1.308570068155847821e+01
1.307691744363634534e+01
1.309436380011255530e+01
1.306938595740690801e+01
-4.758354174634862321e-01
1.306536930309315636e+01
1.307190347096709004e+01
1.308070547013921114e+01
1.312214299298067388e+01
1.306209706081240185e+01
1.304629589213381280e+01
1.303677653044947071e+01
1.307444535391710971e+01
1.306870660039775345e+01
1.304087503062423359e+01
1.303061695518106866e+01
1.303937643877517871e+01
1.304912781911029107e+01
1.309305143344160882e+01
1.305454639124236316e+01
1.303882900424171076e+01
1.306479603883057194e+01
1.303479962059566155e+01
1.304625718328090045e+01
1.306376517803988691e+01
1.306870714244053922e+01
1.306468439403531079e+01
1.309423526547729821e+01
1.307032500658773699e+01
1.306847240538601085e+01
1.303390001640419449e+01
1.309226967004308761e+01
1.306452413091718157e+01
1.305370094259069091e+01
1.310104040255723845e+01
1.305783559153781681e+01
1.305700293265434198e+01
1.307027872877561592e+01
1.303857494587461119e+01
1.306664825322812717e+01
1.307718077137724144e+01
1.307991395131427126e+01
1.307233398747949771e+01
1.309847073248096905e+01
1.305370378581753243e+01
1.307987910992789793e+01
1.303554255631785708e+01
1.308515578175958183e+01
1.306160495666721744e+01
1.307786420591393650e+01
1.308212284662833014e+01
1.305278509090829431e+01
1.307699712088278865e+01
1.309574687529700654e+01
1.305718918472402024e+01
1.307626892386650219e+01
1.304244091206196110e+01
1.307903908298017903e+01
1.306538633394859339e+01
1.309583430328393305e+01
1.304930985230855534e+01
1.308143431227444076e+01
1.303913190110810305e+01
1.309282943372657471e+01
1.308145997315186726e+01
1.307117323003737752e+01
1.308004793510159658e+01
1.308475333439739963e+01
-4.033141024451488699e-01
1.306817689431716545e+01
1.307515639731807511e+01
1.307592529965537054e+01
1.306432679885259418e+01
1.303360412702094884e+01
1.308421132463899461e+01
1.307153246324405771e+01
1.306199820290303570e+01
1.308035155226641422e+01
-3.878960095201466896e-01
1.308934367700667778e+01
1.306224997446007308e+01
1.307103712655415251e+01
1.306609665972197121e+01
1.304726044339567714e+01
1.305259495927575841e+01
1.308713993295347322e+01
1.305815908107589962e+01
1.307787317843172303e+01
1.305470935810460098e+01
1.305088611956367117e+01
1.305350640826771169e+01
1.304686434482092849e+01
1.305268322630920963e+01
1.306067617513375012e+01
1.300749383575029938e+01
1.307156037337881038e+01
1.406544489134137699e+01
1.307325494503135310e+01
1.307251393569212361e+01
1.309165059193935221e+01
-3.925656310218826883e-01
1.305651304961816628e+01
1.404226509487675401e+01
1.308065278170229462e+01
1.309602505827518293e+01
1.305458134839886775e+01
1.305717337809538492e+01
1.308606997389065185e+01
1.304283866468511732e+01
1.306571226541744579e+01
1.304616602035310535e+01
1.306115633227890171e+01
1.306798816467406787e+01
1.303802811233175341e+01
1.304822243186787389e+01
1.305366568702735464e+01
1.304762341173379703e+01
1.310004102784008140e+01
1.304061503621295692e+01
1.306980930418734843e+01
1.307859375002736613e+01
1.307303028361098640e+01
1.308862881407323187e+01
1.304314950600278600e+01
1.310011077487895825e+01
1.305279771573096959e+01
1.306514806761777159e+01
1.306622299736967818e+01
1.307037880263405683e+01
1.312219555157436091e+01
1.304037066512479370e+01
1.308225970126189530e+01
1.308078370154221304e+01
1.306284426922724151e+01
1.305286143445012215e+01
1.306939208297201915e+01
-3.479095516728094584e-01
1.305644820604292100e+01
1.307151854026178839e+01
1.309067579132537062e+01
1.306216471844999560e+01
1.306635303928730529e+01
1.309536637569703643e+01
1.308495883554939176e+01
1.304569282890181370e+01
1.306607220314508311e+01
1.305802592277458274e+01
1.308094731164533542e+01
1.304389279543561564e+01
-9.825698635766393352e-01
1.306336318733946200e+01
1.308064381148477828e+01
1.404492270814621335e+01
1.304359906814861958e+01
-3.564843472921410683e-01
1.304267016733995277e+01
1.305069388603908642e+01
1.313699397251593126e+01
1.308182015129806253e+01
1.307638073081700547e+01
1.307673542251913368e+01
1.308867384040900461e+01
-3.748549589088849832e-01
1.305638274517692565e+01
1.306479417141293986e+01
1.305193389515012115e+01
1.307920570489456580e+01
1.308080155959605584e+01
1.306777180598324151e+01
1.307429348139120862e+01
1.306638640463899925e+01
-4.181679799602181502e-01
1.307904283486001162e+01
1.306730653566651945e+01
1.306531503641459402e+01
1.308109243551933254e+01
1.306467628775997447e+01
1.306589120851946362e+01
1.305528806606259273e+01
1.305454617656859995e+01
1.305688078404692476e+01
1.306281812605915427e+01
1.307188801528149291e+01
1.307931014005840353e+01
1.306725406361619868e+01
1.307106562663624061e+01
1.307422393837944874e+01
1.308783356624076433e+01
1.308751130163047094e+01
1.309934636402175556e+01
-3.387612597629892086e-01
1.301894570099659099e+01
1.309435665867372300e+01
1.305651276381971648e+01
1.308450496246367223e+01
1.307800095079111102e+01
1.305764409997309983e+01
1.303325181297763891e+01
1.304508828549012378e+01
1.304633504087154705e+01
1.307461297890698937e+01
1.310857844001696471e+01
1.310970787460679610e+01
1.305835963113683995e+01
1.306472339382752068e+01
1.304209060557215594e+01
1.306693640787736399e+01
1.305529584747310068e+01
-3.848861758867420102e-01
1.306015404367527566e+01
1.305160914271208306e+01
1.310217659101723164e+01
1.304339609276295420e+01
1.307996438852216414e+01
1.304832444875102837e+01
1.306195271009753256e+01
1.308390867559807269e+01
1.306181797894997132e+01
1.304118585302055600e+01
1.304443213915058664e+01
1.305888296275761462e+01
1.308052275603288450e+01
1.309053966091546428e+01
1.307821394091980771e+01
1.306252866136619417e+01
1.306812104340470704e+01
1.309464573096501283e+01
1.304143764443810305e+01
1.307017384318483622e+01
-3.905788110902139731e-01
1.306372869844633655e+01
1.305333389214686335e+01
1.306068350115253551e+01
1.307914664092852775e+01
1.302869733211092296e+01
1.306353119445953581e+01
1.307718080355789780e+01
1.308312227358193880e+01
1.308483810332631769e+01
1.304646562839554491e+01
1.306312951683972301e+01
1.308247009666511040e+01
1.306672876904805847e+01
1.306777405675442338e+01
1.307045809141133219e+01
1.306383414846762747e+01
1.304000833952236960e+01
1.304694689459402568e+01
