4.862992929254112084e+00
4.897172412222744242e+00
4.870340422960774518e+00
4.899967839237955758e+00
4.923322073909403684e+00
-3.047890086533464604e+00
-1.456519154194888310e+00
-1.674566170676059063e+00
-1.379902976379324908e+00
-1.311354868499341908e+00
-1.476485689495721676e+00
-1.942521829917945864e+00
-1.489739181130683932e+00
-1.318171803951289967e+00
-8.564245105178706075e-01
-1.303477036229037100e+00
-1.439692439280737091e+00
-8.751590558506412432e-01
-1.345522777292818217e+00
-1.319351715278155979e+00
-1.163084240126593061e+00
-1.318479326656686323e+00
-1.690442368447131027e+00
-1.309230522466516167e+00
-1.303613443856364462e+00
-1.422638463138945486e+00
-1.306357126766187315e+00
-1.845559681337485269e+00
-1.324133992641237878e+00
-1.310199233506948113e+00
-1.682355105032901754e+00
-1.341817960342294613e+00
-1.300041373005978329e+00
-1.382022811430315246e+00
-1.255407826762077850e+00
-1.141778088734495489e+00
-1.340882015705470831e+00
-1.643865434048480179e+00
-7.260780041485244141e-01
-5.198529999200010021e-01
-7.462745135750098457e-01
-7.683560466372825193e-01
-6.837444476276415273e-01
-1.004008217669601244e+00
-7.571128605753283392e-01
-7.714405790830625165e-01
-6.403237493120206292e-01
-9.491098547886608339e-01
-6.905867605118454211e-01
-5.234955155897668133e-01
-1.018074790700674637e+00
-5.222496083569851955e-01
-1.333638790385106354e+00
-8.221005651811637005e-01
-6.487345747630136605e-01
-6.568792269127230465e-01
-7.516613245528124265e-01
-6.803146073409234162e-01
-1.584689082062044285e+00
-1.088386924217597418e+00
-6.961980692546241301e-01
-6.585148053729072970e-01
-1.592995954198757946e+00
-1.020376917947390494e+00
-9.753630426142558818e-01
-6.875911146406321617e-01
-6.912094317329054993e-01
-6.826387114409386836e-01
-1.314624426983739935e+00
-1.421815476136798040e+00
-6.654151735734152862e-01
-8.177572170293222475e-01
-4.805500432610805284e-01
-7.559476354691229139e-01
-8.859039541780171501e-01
-6.830733280074071656e-01
-6.657142124518471427e-01
-5.167993036736340251e-01
-7.398036719045461007e-01
-7.059979596079933861e-01
-9.900984885038405237e-01
-6.817495703979050692e-01
-8.103759311994861436e-01
-7.476327219876980346e-01
-7.210476480525800369e-01
-8.370003409350574852e-01
-6.649867627300625195e-01
-7.169102118642903809e-01
-9.445452068556980940e-01
-1.089847719797357506e+00
-1.109411505487330141e+00
-1.098376090769204838e+00
-8.814084380519022766e-01
-1.120500371964185726e+00
-1.028194094779511181e+00
-8.832216882242645006e-01
-1.457541039252368886e+00
-7.072671846633128423e-01
-7.657735780241672341e-01
-6.688795103726575819e-01
-6.193415647761773002e-01
-8.668266113868717815e-01
-7.460914139568379788e-01
-7.006116123774613902e-01
-7.967482066556537124e-01
-1.099916187473062523e+00
-8.337368825608653111e-01
-9.823617512438765909e-01
-8.535583035612606118e-01
-9.943540889139323991e-01
-7.106456360630962754e-01
-6.770684914007245592e-01
-6.555713059153279731e-01
-7.320008477186523699e-01
-7.010554348394515412e-01
-6.535432285361633120e-01
-1.032034424729958877e+00
-9.465223228110517528e-01
-9.332692682865687539e-01
-1.013905795861944625e+00
-7.083701579234866763e-01
-6.853610161939606149e-01
-7.571610415471087263e-01
-6.622130041994898075e-01
-6.851053060498060177e-01
-7.547007985267513153e-01
-7.060703032657101863e-01
-7.215331627960245298e-01
-7.724494991465139515e-01
-7.283118328424977861e-01
-1.105957937643808675e+00
-6.995160648555753813e-01
-6.906609734505881892e-01
-5.281532659160901311e-01
-7.891792171353982921e-01
-5.041210490455300119e-01
-7.811097053256950140e-01
-6.747269460892957316e-01
-9.332841711255590589e-01
-6.867125324831935274e-01
-8.348980470361780926e-01
-6.209630231182804438e-01
-7.261059785642148823e-01
-7.616865059422984752e-01
-6.583626154448918300e-01
-9.902049391134228884e-01
-7.706315049901431014e-01
-6.795188899921591474e-01
-6.618922770839537062e-01
-7.529501872884970526e-01
-8.986367319821401134e-01
-5.023286006724294595e-01
-7.385192518603261869e-01
-1.090346058050027045e+00
-5.292251154478595510e-01
-7.636557773227579116e-01
-7.085601415811372261e-01
-5.358817473398295173e-01
-5.432614773880721781e-01
-6.314950962816401336e-01
-1.224373615510083280e+00
-6.195430928364182854e-01
-7.161713399410514214e-01
-5.133138873522914425e-01
-1.453966500941715090e+00
-1.091291335782589522e+00
-7.047023785301038679e-01
-7.371131810409553564e-01
-7.266997805973344216e-01
-6.316915246902570225e-01
-6.513264049334615002e-01
-8.554938287644541228e-01
-1.261021560303391631e+00
-9.182273532105580394e-01
-7.996579284112808050e-01
-6.634985191047619857e-01
-1.039920210955838309e+00
-9.503598624055528132e-01
-6.298633816853107525e-01
-7.118494353836140043e-01
-6.508495688012463365e-01
-8.577379001002807257e-01
-6.835853903300594947e-01
-6.890668883799490052e-01
-1.140137128070243033e+00
-7.400907924130453175e-01
-3.312199128897275191e-01
-8.597291914456274275e-01
-6.685187464046318251e-01
-7.417272097925700081e-01
-6.799959527430664563e-01
-7.797913655227191043e-01
-5.218107270857524904e-01
-6.497016087272986518e-01
-6.624463080495714973e-01
-7.081918258159909385e-01
-9.437846185475311511e-01
-7.898778402525468145e-01
-7.625120157159602785e-01
-6.919537385133649465e-01
-7.419400032230512032e-01
-6.358756575076109918e-01
-5.370555375070378279e-01
-7.762264017849774822e-01
-6.294318333542505695e-01
-7.419690355466848075e-01
-9.074733193975365042e-01
-6.479270359001025881e-01
-6.246234593496955423e-01
-7.660912924504704735e-01
-6.956458567017546057e-01
-7.303063990136922090e-01
-7.182900377178689233e-01
-6.840465242997724182e-01
-7.262882215077925974e-01
-6.695064611633447793e-01
-7.631327720402532044e-01
-8.550030083936606129e-01
-6.691104308094039110e-01
-4.924546340225468555e-01
-7.134837424964795005e-01
-6.731134404264398352e-01
-6.647631409357401822e-01
-7.879553934102494495e-01
-6.948723458245653628e-01
-7.066150268658162314e-01
-7.344044691012879822e-01
-7.868534782699345698e-01
-6.684964974478400102e-01
-6.343213718578538662e-01
-7.535673443918251557e-01
-8.215816099069433998e-01
-6.774233780918397230e-01
-8.536791696445777955e-01
-7.814913401444960606e-01
-1.240779394016206627e+00
-7.050290683776253564e-01
-8.394902675164223060e-01
-6.337523967789362445e-01
-6.856675811273145182e-01
-5.089657765938431222e-01
-6.753444421320198288e-01
-6.884251860902460551e-01
-8.516846292599802304e-01
-6.822117249477319678e-01
-6.505478277348103466e-01
-9.939986666750082467e-01
-7.042907671143397996e-01
-6.834873926993411120e-01
-6.689027629369393990e-01
-7.485770706524892404e-01
-7.244895433702034371e-01
-9.018376769890967815e-01
-1.019116738251895526e+00
-6.639162174573292052e-01
-6.576162918437065130e-01
-6.496808364621360354e-01
-7.060034585713328426e-01
-7.602149620487917980e-01
-8.660829256297011280e-01
-7.167227562219076198e-01
-5.591759267153789681e-01
-6.587451817807692400e-01
-7.644561403277532197e-01
-7.363677568323507838e-01
-7.551186483498351087e-01
-6.478498840539318460e-01
-7.478162404402614039e-01
-8.078081845233829883e-01
-7.389315028315505129e-01
-7.600469845862644069e-01
-7.554316833318756030e-01
-1.026363052796745334e+00
-1.316368539633814061e+00
-7.687282575939751172e-01
-7.334873351820788701e-01
-6.878519593824332645e-01
-6.841446827930639518e-01
-5.552588423636616310e-01
-7.397473649600156964e-01
-7.646588337517750134e-01
-6.959090052484927513e-01
-6.568321907269552007e-01
-8.920163316933922282e-01
-8.424622139568062051e-01
-7.042378991832162205e-01
-6.934573197214326523e-01
-5.482536441217842338e-01
4.778325086300221791e+00
-1.076541721397419105e+00
-1.095746907949072035e+00
-9.658502559452882830e-01
-1.017055186723439641e+00
-8.719789150981577253e-01
-1.012644376165041660e+00
-5.331308105779848372e-01
-1.056341235903065501e+00
-8.454741304932986701e-01
-9.328484406972417098e-01
-8.742430216470697957e-01
-9.336869563504484049e-01
-8.905913896282999787e-01
-8.930092560091548171e-01
-9.197786336619087066e-01
-8.602329332124576400e-01
-8.216398552551497092e-01
4.827043517909411108e+00
-9.438331113131670502e-01
4.854369857235084851e+00
-7.553058556398307699e-01
4.931253150524071316e+00
4.915443606069221261e+00
-8.623331096043798105e-01
-9.619943567052333666e-01
-7.585517710917051293e-01
4.942839585655486090e+00
-9.863965512174489580e-01
4.952070528672456895e+00
4.877093259347041965e+00
-7.711197902538212690e-01
4.689741103442623071e+00
-7.621389665873783414e-01
4.930857760933437639e+00
-5.106763380498360316e-01
-7.801370132861624729e-01
4.900856326440027999e+00
-7.983183886905913518e-01
4.938170850880552187e+00
4.936029909710229369e+00
4.904268450545141711e+00
-4.394924777444864095e-01
-2.170159801228546126e-01
4.889606673516130542e+00
4.957153637351557229e+00
4.910038909627072456e+00
4.895524481638694247e+00
4.895904438676934589e+00
4.919631214346083858e+00
4.920320428093718945e+00
4.944678493788494222e+00
-5.136564773526655081e-01
4.910003225871292898e+00
-3.277853153923249163e-01
-1.974829892210054894e-01
-2.222976387159584233e-01
4.941136422246391824e+00
4.886899339500187622e+00
-9.022907710889050970e-01
4.946298484589393141e+00
4.919607210922096741e+00
4.912749959349664408e+00
4.886090878219857991e+00
4.948602498399328198e+00
4.888523372941448564e+00
-5.153381465544288886e-01
4.952249689320935566e+00
4.867296905282159969e+00
4.892386694307726103e+00
4.931583670547628806e+00
4.901829944114753701e+00
4.933523392512645600e+00
-4.150998584089323762e-01
-7.392569896624763270e-01
-5.098140623465843291e-01
4.892951697802477184e+00
4.924759204607170204e+00
4.927891650275364910e+00
-4.884807302335385515e-01
4.898701106198876332e+00
4.859918586913813954e+00
4.884447100305317591e+00
4.925694908059831789e+00
4.920988869113914532e+00
4.903561110791164523e+00
4.948449309783157446e+00
4.942263381945410927e+00
4.827475742561103900e+00
4.942445472527094097e+00
4.928797777289288362e+00
4.894294748756919056e+00
4.957167789742566555e+00
4.944343258623804971e+00
4.928160307634225745e+00
4.887290933439719431e+00
4.872693258760849133e+00
4.915660243257878648e+00
4.907296188494769673e+00
4.915455016565463353e+00
4.929921858915843558e+00
4.923276551891386354e+00
4.912983976879538695e+00
4.956461233381757481e+00
4.789395733522511023e+00
4.916129508590024955e+00
4.874089783673284160e+00
4.936946703121634528e+00
4.916551167569188863e+00
4.926676054353979595e+00
4.934882205698569280e+00
4.951022262232294580e+00
4.854255044183153345e+00
-2.288719787873866318e-01
4.905449030794868825e+00
4.937637987842030896e+00
4.947653898011790119e+00
4.905152320464153171e+00
4.880444959854784770e+00
4.813098240202035250e+00
-8.505656098434490886e-01
4.933685046912189343e+00
4.873479203847416841e+00
4.851666392281706486e+00
4.855597142542093181e+00
-4.551817485038516242e-01
4.872301111294767395e+00
4.895021229883684377e+00
4.782632862645124661e+00
4.900027069047535377e+00
4.865480952014404892e+00
4.918565175875624362e+00
4.907203054129096742e+00
4.869173271281814763e+00
4.913866841909793948e+00
4.874371927749045597e+00
4.918639870902279831e+00
4.941491469968988248e+00
4.887034262340410606e+00
4.843396146771464572e+00
4.909781109170896940e+00
4.895195161176064680e+00
4.846974350093331552e+00
5.906958357845915941e+00
-4.203755251032497142e-01
-4.948273232497553131e-01
-5.079429920860825121e-01
4.810546525533762718e+00
4.914067493036679224e+00
4.937618982903320131e+00
-4.607518687229539278e-01
4.903825654502837139e+00
4.918779095741931506e+00
4.860452051216991975e+00
4.794073259308809121e+00
4.927028336186693558e+00
4.903184217513436138e+00
4.870005478925400588e+00
4.915769047474812581e+00
-5.091593119125873423e-01
4.913215041582322584e+00
4.882290598663200143e+00
4.929830507056854216e+00
-7.593308639175146979e-01
4.915926551010604939e+00
4.907852790683499222e+00
-2.173461193031525074e-01
4.931415346516171638e+00
4.867285392222891360e+00
4.934993252228096594e+00
4.883744566103526807e+00
4.875778335334326918e+00
4.918489115577084902e+00
-4.456778003289396661e-01
4.888401677155023606e+00
4.882095050851153140e+00
4.841141676297407770e+00
4.931747675157648558e+00
4.923576276883000702e+00
4.881304614659731200e+00
4.865199508045244592e+00
4.860300414737616315e+00
4.881996504307217322e+00
-8.338023831899492588e-01
4.880561467346312021e+00
4.898547565923118796e+00
4.899611249172395766e+00
4.896556896529983938e+00
4.858389074708143518e+00
4.904005570613080067e+00
-7.462060052742630623e-01
4.787142497393709561e+00
-7.575557170271793872e-01
4.842740054987991982e+00
4.897894525044731218e+00
4.887285411092712195e+00
4.898800453845904457e+00
4.947974630360601367e+00
4.910287664255981177e+00
4.885304449190655873e+00
4.935303567313473749e+00
4.923267139226340738e+00
4.875952106587201129e+00
4.913622744854039937e+00
4.884057776805033058e+00
4.843577930543673915e+00
4.886405851069492101e+00
4.924772684494097774e+00
4.910071628158555690e+00
4.908067372295225717e+00
4.888873601321908957e+00
4.886675121105302111e+00
4.919782951019588069e+00
4.906831137159007206e+00
4.835013764186962604e+00
4.890980891125924046e+00
-4.848123201268480509e-01
4.861202856018794094e+00
4.927195190634883204e+00
4.875825494049733422e+00
4.879233101335177736e+00
4.879479797004878883e+00
4.860117199678714250e+00
4.917358148406172802e+00
4.837883546968372528e+00
4.887762000760233150e+00
4.879258455517136994e+00
4.897465779418014975e+00
4.881477062789989496e+00
-5.434061126419773569e-01
4.931591780785575807e+00
4.915399736610716275e+00
4.843656728185744775e+00
4.805158736242519879e+00
4.875980668541779472e+00
4.899129684380991279e+00
4.861975387834578832e+00
4.847741775294858613e+00
4.807241302182934994e+00
4.807422448280417093e+00
4.897932144118925635e+00
4.922031751987890225e+00
4.938527949041961129e+00
4.890196547710812247e+00
4.930129258068776110e+00
4.939086358213394590e+00
4.862993074453104470e+00
4.880662355685323028e+00
4.920040147891765692e+00
4.898450608381864413e+00
4.934125846453889963e+00
4.924859249183159982e+00
4.912380898724489242e+00
4.905988235149164822e+00
4.873794706675976585e+00
4.891252819228908422e+00
4.893778080075079195e+00
4.905531471437072355e+00
4.917716739866212272e+00
4.875081053365219574e+00
4.876664740471131410e+00
-8.351238477757284562e-01
4.895726865379237402e+00
4.923058943039253066e+00
4.922627433464821678e+00
4.893551718710219767e+00
4.879450057530949181e+00
4.875041801516788453e+00
4.836481271714418995e+00
4.826705977504876621e+00
4.808060322098307360e+00
4.881588414569237422e+00
4.899988268174246819e+00
4.927817067066464496e+00
4.917388194122223055e+00
4.838542436011909587e+00
5.829972276790400088e+00
4.880198824915401801e+00
4.868563381328510076e+00
4.884110393985650944e+00
4.888128222949210233e+00
4.927667753357889424e+00
4.904134345866097533e+00
4.880709606865193173e+00
4.826437365731992557e+00
4.940035701715975947e+00
4.909626115088041587e+00
4.931187455461163438e+00
4.902620847392265446e+00
4.921194829408207738e+00
4.935268912173677691e+00
4.931358509324699213e+00
4.927867688772963106e+00
4.887743452805273670e+00
4.869227467978575419e+00
4.876696284380065194e+00
4.903050000919101592e+00
4.951388089100956513e+00
4.813402567751975170e+00
4.880704215358685261e+00
4.930085447194652915e+00
-3.584752174230551036e-01
4.856102786045271458e+00
4.853088316885017406e+00
4.937337157958027412e+00
4.921796322359206499e+00
4.919233586083811005e+00
4.925760786847983574e+00
4.898772135863930011e+00
4.768398251541263733e+00
4.891611944056902139e+00
4.940157609248280401e+00
4.918764685163170114e+00
4.910589153454106182e+00
4.934488577221644690e+00
4.829019131700317047e+00
-8.089293732074078758e-01
4.867816200433168206e+00
4.869655614092302187e+00
4.898477132889145658e+00
4.809303989200301110e+00
4.888606019664637259e+00
-5.619963133408154565e-01
4.850838148550051798e+00
4.772996259882370751e+00
4.915739665426816174e+00
4.892885081235924360e+00
4.677765646188923654e+00
4.867698528249730927e+00
4.754271781831450383e+00
4.766247074761242430e+00
4.898256519795165076e+00
4.855278477275556170e+00
-5.594806314278334414e-01
4.832675608015884805e+00
4.853646264775400176e+00
4.935415952810032536e+00
4.880927485299769941e+00
4.890090768558376766e+00
-3.492054463299237854e-01
4.871249839145800564e+00
4.914121447184449210e+00
4.830132786746670348e+00
4.891680082140846153e+00
-5.135687811386842050e-01
4.862888337094075197e+00
4.914672215860401927e+00
4.804798357954776833e+00
4.852835076819039806e+00
4.915884130940741059e+00
4.941344830208471706e+00
4.906447715526068620e+00
-2.591099944722645709e-01
4.830730584133513084e+00
4.779842122453063169e+00
4.942599959656279296e+00
-3.264346707601823994e-01
4.866310390774973627e+00
-5.948230169431283354e-01
4.939212556745623317e+00
-7.184818048353109887e-01
4.931608374159949904e+00
4.935899516886911975e+00
4.934447496696595437e+00
4.877808765279566749e+00
4.940617732981040788e+00
4.947144471470173777e+00
4.897279647764151811e+00
4.863706593496422315e+00
4.924975555937668226e+00
4.884679166634837699e+00
4.791200545161854230e+00
4.840230623493241069e+00
4.814822263235797983e+00
4.936018076454931958e+00
4.935140170013246674e+00
4.820873277597694795e+00
4.929400864234094293e+00
-9.254069682671300923e-01
4.940630551792009051e+00
4.876133173872805315e+00
4.902155174623270995e+00
4.891725507938682327e+00
4.957532381024570611e+00
4.907343120376761902e+00
4.835761885298695439e+00
4.905435250086832788e+00
4.890044014758576196e+00
4.952523748236187018e+00
4.853610144662479975e+00
4.825175412778587081e+00
4.849462379039104043e+00
4.919464425146523823e+00
-7.167509365758945039e-01
4.902277461589898522e+00
4.812893491707120219e+00
4.903193786823285549e+00
4.845756302144934580e+00
-5.924473451768380583e-01
4.938909877492053013e+00
4.858082850834435362e+00
4.883681003693952860e+00
4.868917774016681577e+00
4.851965230619033065e+00
4.933603380469486765e+00
4.865176651909143501e+00
4.908868045684323000e+00
4.682772301221238109e+00
4.929113245556557388e+00
4.880178496144518263e+00
4.928181362584821201e+00
4.903913720217036420e+00
4.881106895258579215e+00
-5.384978629812355866e-01
4.924745533202457004e+00
4.914611641482357740e+00
4.809673115920956477e+00
4.707148638438464872e+00
-5.243158076455436412e-01
4.842070417188328868e+00
4.883421583991998105e+00
4.913395245773552134e+00
4.911781148840508315e+00
4.897338145561107581e+00
4.880969151408518059e+00
4.867530406078537375e+00
4.885022931239646482e+00
4.888278344270004183e+00
4.887069420583065593e+00
4.804747889175915887e+00
4.869281601799217540e+00
4.792340662317304378e+00
4.793558877204804780e+00
4.891594232109142126e+00
4.891039237724619682e+00
4.858412624612630459e+00
4.811537766609412792e+00
4.937408458466721939e+00
4.867393288152412012e+00
4.916950429249963506e+00
4.883709529743648581e+00
4.851499683549048925e+00
4.944083455047122655e+00
4.922225881141296888e+00
4.945476565780776212e+00
4.922431396382186186e+00
4.817100568008068961e+00
4.929814426403899219e+00
4.878615954135661070e+00
4.790904533349793937e+00
4.824708862872944870e+00
4.882389969595016588e+00
4.833717578215654065e+00
-8.415231606495552352e-01
4.868979629332644166e+00
4.895387849329335239e+00
4.852594317204276919e+00
4.824508451975896506e+00
4.890648295368252185e+00
4.853500298494552112e+00
4.846320486798450844e+00
4.885951411411744161e+00
4.865318218821751195e+00
4.774277458397362395e+00
4.860077857460471051e+00
4.891597222292588754e+00
-8.349412701135956461e-01
4.808564459433665839e+00
4.826095339861771194e+00
4.848682311007099344e+00
4.811428894583388960e+00
4.926383044454742510e+00
4.872551217906826437e+00
4.871313837820724579e+00
4.875350609323490403e+00
4.864551342240726051e+00
4.915123436738193519e+00
4.854879507193861521e+00
4.911461499487884907e+00
4.909792776259437552e+00
4.916993053813772718e+00
4.903973865461901838e+00
4.905543285984508728e+00
4.919052448654161580e+00
4.874431256089081899e+00
4.896344721057593219e+00
4.926557886842036993e+00
4.915187003829052159e+00
-8.284546116448264774e-01
-4.814370332737964997e-01
4.940564990656622690e+00
4.933556935118126319e+00
4.903186372312628549e+00
4.867291803071705836e+00
4.922213931390617248e+00
4.898483932530437457e+00
4.847274927443173453e+00
4.920628167032290889e+00
4.934969009440468568e+00
4.858031044351351468e+00
4.956923132519920117e+00
4.915807914288070180e+00
4.901342950148732669e+00
4.835846864699312242e+00
4.865973427184810518e+00
4.947442974257356241e+00
4.917224214227562840e+00
4.806309492771545955e+00
4.920998260994438489e+00
4.918643574232341109e+00
4.940080482631833192e+00
4.909613682657692380e+00
4.941785187336538598e+00
4.913529055476653973e+00
4.907507663090795447e+00
4.881436429460936921e+00
4.921374278171112060e+00
4.906216016849670680e+00
4.902205452860833645e+00
4.916217948571757645e+00
4.907671479304163142e+00
4.889932522986816466e+00
4.920667422473820274e+00
4.872949716067767056e+00
4.927850503553048434e+00
4.906928370981546550e+00
-6.022429659926851198e-01
4.920702086597222191e+00
4.924142912692603957e+00
4.916068426006962255e+00
-2.802094191709605386e-01
4.895660849052212882e+00
4.863218056863063410e+00
4.904083508733547703e+00
-8.567206448049067280e-01
4.904474739672423311e+00
4.861744587127041051e+00
-1.117857920270910910e+00
4.928807628075995595e+00
4.940990561865698183e+00
4.876135193908462284e+00
4.903688141814432910e+00
4.818886451804765159e+00
4.964555861282763161e+00
4.922307374572869598e+00
4.910860361321256029e+00
4.904912958555520675e+00
4.921723104359519319e+00
4.913998431471870987e+00
4.852624523353154196e+00
4.957520738487223966e+00
4.944816051129159007e+00
4.926381511590554041e+00
4.911446764982438040e+00
4.903401246937395541e+00
4.889569352555228399e+00
4.863390195152550888e+00
4.921635431683931472e+00
4.939088833881204010e+00
4.970894977018369687e+00
4.920291890842910298e+00
4.927676061682093156e+00
4.900275820540707095e+00
4.915514456607704474e+00
4.876079579922794949e+00
4.944319596068157630e+00
4.924977358801388760e+00
4.910903526019085419e+00
4.925879487281466851e+00
4.912542636205078139e+00
4.924882134001990153e+00
4.972916263507564771e+00
4.950519511601280342e+00
4.915883349442653483e+00
4.896584157127402470e+00
4.892287436005687162e+00
4.868993552556076132e+00
4.917253420848952672e+00
4.930707106073910495e+00
4.912645122840957335e+00
4.924411108936561199e+00
4.961067265337643306e+00
4.932590976128702565e+00
4.952191813330149017e+00
4.842184595683601600e+00
4.920518466581310868e+00
4.847109128661500677e+00
4.834345865315502699e+00
4.914668832694415457e+00
4.946542823900507813e+00
4.910373760544948674e+00
4.939752800451054249e+00
4.915234479512504251e+00
4.907908423224952799e+00
4.901652789275111388e+00
4.936099229560403145e+00
4.880783656324092945e+00
4.843401552480806060e+00
4.899170622456112234e+00
4.764595962478534119e+00
4.932545468342004469e+00
-3.564016204573151603e-01
4.933328993172466426e+00
4.905271973639852234e+00
4.920854007202153824e+00
4.937351131647440106e+00
4.907049363863484004e+00
4.905891606447926101e+00
4.890956755156572022e+00
-2.938864478310908579e-01
4.917775721859317883e+00
4.913075335253435760e+00
4.898775533002420524e+00
4.904864519078932616e+00
4.908531824395105048e+00
4.907906254637579124e+00
4.864313956651549198e+00
4.913164731510427430e+00
4.934373329983992917e+00
-5.819570308579715689e-01
4.835764002332438416e+00
4.839695926551650373e+00
4.913361603970678004e+00
5.373014927320554079e+00
4.881214948028810952e+00
4.870529406021482544e+00
4.906046209908264899e+00
4.881408281385471781e+00
4.915283129911089510e+00
5.818009669421265961e+00
4.847510901420936769e+00
4.888663908458360297e+00
4.937876029584028714e+00
4.873985542362699874e+00
4.887751285986693617e+00
4.910729388456838151e+00
4.912108296696374055e+00
4.856054589773225239e+00
4.833596462875656030e+00
-5.211608335385161661e-01
4.902797775479349696e+00
4.884316090865654658e+00
4.857518759261712837e+00
4.862377509283892785e+00
4.841156770776724017e+00
4.906609462947854716e+00
4.924318505398874279e+00
4.896919863653434568e+00
4.865034394444648136e+00
4.888471133748353736e+00
4.919345059070129089e+00
4.888099238354938869e+00
4.811212745749500641e+00
4.929397509521477261e+00
4.845179875212588527e+00
4.883233328970280951e+00
4.901179286592689976e+00
4.923722087415794313e+00
4.913161746049365064e+00
4.929659202901699899e+00
4.880656775199328834e+00
-9.051270831325788357e-01
4.914920553048074403e+00
4.874313061855302109e+00
4.910177381892053106e+00
4.887666803931516313e+00
4.925364875004227372e+00
4.913358061503007690e+00
4.932111152571107660e+00
4.913376912504785032e+00
4.919505585612567344e+00
4.910496835866252852e+00
4.910424736078089936e+00
4.916125879032070323e+00
4.928794874752775890e+00
4.883827470141158145e+00
-5.215272263400853037e-01
4.856799010008010065e+00
4.923613609952811387e+00
4.896706326703393231e+00
-1.648011801926039466e+00
4.856178582348100292e+00
4.885727007758247531e+00
4.920297048423454278e+00
4.858633352376591219e+00
4.956216920484754596e+00
4.878987314350921700e+00
4.932149092578618443e+00
4.874759452874634746e+00
4.909738873014852345e+00
4.740590393981289452e+00
4.914874785052561812e+00
4.926837051362022990e+00
4.884596458466514690e+00
4.910813942893722306e+00
4.911663299883579192e+00
-5.060838149546330600e-01
4.856395228609960313e+00
4.871586562394835340e+00
4.932941737817609251e+00
4.929372390514549451e+00
4.925111235766346240e+00
4.864396824927158747e+00
4.913269479562616837e+00
4.887916035381689284e+00
4.752947349925250364e+00
4.904260610293929012e+00
4.930542062081576304e+00
4.898696952183119180e+00
-8.662490635827861940e-01
4.906218632169867533e+00
4.881834706446104732e+00
4.817081203471156314e+00
-4.733811235771531178e-01
4.886204050493827111e+00
4.940357616788422668e+00
4.905527554880712238e+00
4.932294162863847475e+00
4.839278067824488438e+00
4.905315892978924452e+00
4.895414785622042686e+00
4.840173829916746051e+00
4.930077257749009512e+00
4.914313474859554276e+00
4.848260336198747744e+00
4.854007118248967245e+00
4.834568516092929258e+00
4.914460145761355925e+00
4.916170934897877487e+00
-9.191369943964533551e-01
4.910651262510594250e+00
4.852009255407847554e+00
4.937595445941231453e+00
4.913311017219990973e+00
5.925596365968766932e+00
4.897265831408700976e+00
4.862161056854613861e+00
4.883840239354247714e+00
4.884571817129024218e+00
4.909063514992151767e+00
4.955395889407745003e+00
-5.205677929798250281e-01
4.912145917444945553e+00
5.902435983795150776e+00
4.867980565220570099e+00
4.895741669346357128e+00
4.910176247634210789e+00
5.919749160543990030e+00
4.812707173133028427e+00
4.909773297775632095e+00
4.911993427885203545e+00
4.903368920526110841e+00
4.884693355584491137e+00
4.873015457308905951e+00
4.871927010086350762e+00
-7.922996219323203970e-01
4.903459709492489438e+00
4.877996817510396710e+00
4.816477819931737514e+00
4.855834802895346414e+00
4.920742106090569834e+00
4.832515136949727008e+00
4.903471626878746825e+00
4.861208370379418220e+00
4.925626132454958395e+00
4.937037765570145176e+00
4.930165317632699384e+00
4.886351425169364049e+00
4.864025551725038810e+00
4.926877505492248233e+00
4.885277381163778188e+00
4.860142625190823296e+00
4.909140187866094962e+00
4.893847921080611840e+00
4.954578671809993118e+00
4.915540687619323279e+00
4.856146837270481242e+00
4.795719704410531747e+00
4.872470210303239568e+00
4.853884623611633309e+00
4.924088534229619896e+00
4.931549852140598489e+00
4.861535903887909349e+00
4.921177013158741786e+00
5.891351115517579728e+00
5.905729234168553887e+00
4.954853650811672949e+00
4.899805172844593493e+00
4.832287914982927646e+00
4.875242929392488378e+00
4.905455075237693308e+00
4.936361574053186985e+00
4.871989913454454424e+00
4.865582411426556675e+00
4.851664456458876451e+00
4.856990970109909433e+00
4.865086083356940705e+00
4.925954233798236714e+00
4.849758539292083448e+00
4.851927079330477177e+00
4.929251341314838442e+00
4.933054085040721404e+00
4.906223615480582723e+00
4.884649428273255545e+00
4.924780276974837889e+00
-5.180759927913671792e-01
4.790199091401659004e+00
4.901761573081920176e+00
4.940831406222070399e+00
4.939444276216157448e+00
4.837267332839733314e+00
4.860479228947821362e+00
4.896337092055250473e+00
4.900640716780182871e+00
4.864362765355558338e+00
4.810655280452371230e+00
4.917953432749548881e+00
4.908552230414485962e+00
4.876146457590962768e+00
4.958201982374738748e+00
-5.138665804910018675e-01
4.910361417445162857e+00
4.885677493056792997e+00
4.900493689822951637e+00
4.938141679597981337e+00
4.836025506908210758e+00
4.902476905846724797e+00
4.903063716277638484e+00
4.856005477707172169e+00
-2.712674116980543504e-01
4.906809845761702427e+00
4.910062602557939471e+00
4.934760343886932965e+00
4.863168089776188197e+00
4.893560868838330968e+00
4.896469132702732097e+00
4.934897063676359608e+00
4.865558867249436759e+00
4.912638505067511652e+00
4.907480720849084044e+00
4.931309864785438535e+00
4.911642126609875092e+00
4.944484253189074252e+00
4.909529098202200181e+00
4.934084066588216189e+00
4.880390880066114434e+00
4.888860932853449803e+00
4.868915993794328045e+00
4.870504368386338712e+00
4.939138490905852663e+00
4.925796407444639868e+00
-1.767365000885405824e-01
-2.496769269429488514e-01
4.893998183345111386e+00
4.928708983359298301e+00
-7.304358271758186749e-01
4.952586568912778375e+00
4.918008695761203697e+00
4.894613479469395401e+00
4.904068445954886890e+00
4.895667036697247454e+00
4.898669957581979872e+00
4.919575142831513759e+00
4.868364186106081348e+00
4.911747099635006109e+00
4.920833744544102828e+00
4.898404100735456623e+00
4.924111170903660017e+00
4.886934000693769597e+00
4.899839195775223644e+00
-5.499111098562189381e-01
4.935076813573841648e+00
4.903375933133299114e+00
-3.667632782536214275e-01
4.889293185679137288e+00
4.894820795338217678e+00
4.887537903761843161e+00
4.875798391062367898e+00
4.879399965926146443e+00
4.915494682139380345e+00
4.900220108786814244e+00
4.859418102032720732e+00
4.942569405919329029e+00
4.946661988116003883e+00
4.938936726367295194e+00
4.903820619439722250e+00
4.930348948918110707e+00
4.912143555099212300e+00
4.882563881502209213e+00
4.950011699844536039e+00
4.917094163862038236e+00
4.903645599584046444e+00
-4.622887517168485783e-01
4.936184902269300068e+00
4.905176716077851218e+00
4.852275388707388615e+00
4.914524280509688481e+00
4.918019841458363572e+00
4.866682058940680733e+00
4.872230928636335889e+00
4.968228217260907797e+00
4.880927937514245585e+00
4.921577110157910440e+00
4.924333746572777670e+00
4.960401460730354373e+00
4.922377976279733502e+00
4.930931607495971036e+00
4.931247247359355157e+00
4.932957957159853635e+00
4.892294821452951581e+00
4.951798291193782120e+00
4.927686505874382838e+00
4.894409772574143780e+00
4.887638745152514730e+00
4.895918569843080270e+00
4.878114183700831497e+00
-3.845021000968086300e-01
-7.887523115030011800e-01
4.882642221543484595e+00
4.937822838373944201e+00
4.900595859043149538e+00
4.878901694769868236e+00
4.878704933534772081e+00
4.931433820333647411e+00
4.958065981548151591e+00
4.960652092864966889e+00
4.889595264817639730e+00
4.905826680325265698e+00
4.902254934055508606e+00
-2.304050779240058855e-01
4.923638886927767189e+00
4.940777567799889525e+00
-5.420939265870030610e-01
4.950871893466321616e+00
4.913915592804821486e+00
4.920097428989086197e+00
4.933209796367696853e+00
4.977211842699142963e+00
4.916086043552254203e+00
4.951335841392566550e+00
4.848410412707367279e+00
4.875136765175692055e+00
4.867855617773172661e+00
4.893185312954019039e+00
-9.113308730302258631e-01
4.963009803919301355e+00
4.907808922639087967e+00
4.929095500158720000e+00
4.928726275213647590e+00
4.820945928949646131e+00
4.900628032337031925e+00
4.941926881808544891e+00
4.915707063963788315e+00
4.935199013753296171e+00
4.930970433890851545e+00
4.871297238115165129e+00
4.917482258114672433e+00
4.943287113180579340e+00
4.889841250651357107e+00
4.857607588918386732e+00
4.899329456928846582e+00
4.948699361606443858e+00
4.864058832263399523e+00
4.939985980903913720e+00
4.938066755053258206e+00
4.947592797203881787e+00
4.932243724861447021e+00
4.923997210858486184e+00
4.924836414282375507e+00
4.915990930707547335e+00
4.918208011328419005e+00
-8.420102924479591078e-01
4.918039116996872906e+00
-5.163832654977220660e-01
4.928760613873746976e+00
4.970058384426215170e+00
4.891456347178291253e+00
4.889395665356641274e+00
4.933819736081268559e+00
-5.066319250018775922e-01
4.843799433221320783e+00
4.950406209123110912e+00
4.939418232480697668e+00
4.917632631039053237e+00
4.955129535974386101e+00
4.928128139890088022e+00
4.914980760589708453e+00
4.887504175377234361e+00
4.934644493137256838e+00
4.933334758734392089e+00
4.964914060421085296e+00
4.948203497051716582e+00
4.894906961687065738e+00
4.874741420705219319e+00
4.934912538662658221e+00
4.909224468532899621e+00
4.939175753913229272e+00
4.871333316522393986e+00
4.930117567474351148e+00
4.921807749134492482e+00
4.950900424264457200e+00
4.912522119380904329e+00
4.927771222607865376e+00
4.930185522119732155e+00
4.942164736419413451e+00
4.942580082612925807e+00
4.888403902554783187e+00
4.919493985745587494e+00
4.939855423971660997e+00
4.928483819170468294e+00
4.891542771602930273e+00
4.941534606772617799e+00
4.941393122768166002e+00
4.896075671812418761e+00
4.946625716997445465e+00
4.909049302762474198e+00
4.869323436888750578e+00
-8.255896038212489074e-01
4.929213060296232740e+00
4.922623058945092112e+00
4.835895810045281351e+00
4.925524099018028679e+00
4.924858836730502176e+00
4.921409691496910099e+00
4.925591865029401717e+00
4.852302019119774990e+00
4.881839624331967720e+00
4.917928461311064758e+00
-8.321423115754240651e-01
-4.740589220615483157e-01
4.948303613751360075e+00
-8.185482989656411856e-01
4.795086618355446362e+00
4.946461978365277012e+00
4.915542893615748810e+00
4.844244423299993940e+00
4.931936532300493781e+00
4.912889086955300577e+00
4.954466735178176151e+00
4.904569133975238415e+00
4.912253758184295549e+00
4.892724807875556081e+00
4.938919499446308592e+00
4.909292883052366996e+00
4.906254363113628614e+00
4.908578173217319041e+00
4.907461622037866178e+00
4.858439726047565799e+00
4.903482198307565376e+00
4.909322569417110316e+00
4.874137846942006469e+00
4.954549904459416787e+00
4.932177012759206391e+00
4.844725551114754225e+00
4.934570972386263854e+00
4.898654428366254976e+00
4.947808909551926426e+00
4.946034063361516964e+00
4.891759744189831949e+00
4.760051335806775974e+00
4.878089232382378349e+00
4.914310213064663202e+00
4.943011155220895958e+00
-9.351507556509432995e-01
4.919347156185018832e+00
4.957116337523780558e+00
4.927343228485787208e+00
4.932101438047777009e+00
4.877262235846103522e+00
4.920384831627194089e+00
4.937190910634821073e+00
4.903751747349443413e+00
4.903884152307435684e+00
4.907391652156731787e+00
4.934222033673009378e+00
4.910218524266201534e+00
4.926166348733595157e+00
4.898814060542878934e+00
4.924548975382836424e+00
4.877177688662243327e+00
4.846695022874275338e+00
4.925535233698650650e+00
4.919500643446344412e+00
4.924934120966303119e+00
-3.360752908578058529e-01
4.922394913635151248e+00
4.900403563356317882e+00
4.947518336304641551e+00
4.905913943662513432e+00
5.836155250858101162e+00
4.897233955703500285e+00
4.867153872974790296e+00
4.901948430762931963e+00
4.886011636084084842e+00
4.877711021153122495e+00
4.909525875285170038e+00
4.920924709700397415e+00
4.829510466372829214e+00
4.913064995692955073e+00
4.846759590827811159e+00
4.905210482767505376e+00
4.868197189920255852e+00
4.847683473601150261e+00
4.840212508238812106e+00
4.924604045349909143e+00
4.855272886536799781e+00
4.879940075471113303e+00
4.902239077460469829e+00
4.964412081981291358e+00
-8.493700641542828444e-01
-8.277257339240660095e-01
4.933793350447489345e+00
4.898439677069273301e+00
4.927842854147979068e+00
-2.318084389059190675e-01
4.858113090733589878e+00
4.896514349518785281e+00
4.892606826030966083e+00
4.911606984792607378e+00
4.815631256812469729e+00
4.876468049043367614e+00
4.896552972373148016e+00
4.901387805674626286e+00
4.930316288733563646e+00
4.798472248292945608e+00
4.944332466886498523e+00
4.904002197645547234e+00
4.907222383697310342e+00
4.943162450108381734e+00
5.862010871237107068e+00
-4.643822146093391501e-01
4.936589734507675686e+00
4.895219008719756459e+00
4.803109355837397842e+00
4.926608265417010912e+00
4.911646488677113176e+00
4.926942002612289428e+00
4.860067603816982107e+00
-2.032733865803995066e-01
4.956306475886814944e+00
4.904179275881758393e+00
4.925832259092775445e+00
4.937132572063331892e+00
-1.162647709728660272e+00
4.911204732353699143e+00
4.773008997767186123e+00
-9.417913879238846153e-01
4.710677456817100150e+00
4.962915868276647657e+00
4.843568888432113972e+00
4.922711039562622126e+00
4.918164596690018264e+00
4.845970452695078201e+00
4.927125573212821408e+00
4.959344087124006428e+00
4.930713084644336774e+00
4.904586212613418539e+00
4.937409707865397124e+00
4.920036089873095264e+00
4.932229710496542907e+00
4.970207573494060505e+00
4.907232138095772633e+00
4.961637263940732012e+00
4.908242346321713967e+00
4.909062486330481256e+00
4.960440068111013012e+00
4.919912251137726678e+00
-5.031582279199602326e-01
4.948423299243859930e+00
4.918950873797159673e+00
4.912361427062189811e+00
4.886176307539194852e+00
4.923117028483986246e+00
4.909273457363993565e+00
4.884602544702906002e+00
4.940522651853173741e+00
4.916088063137058484e+00
4.908384958844951740e+00
4.868298858081686831e+00
4.932639897097364390e+00
4.937131203386583067e+00
-4.995183595627232798e-01
4.905549852785029863e+00
4.947621995703691766e+00
4.941442815880916939e+00
4.930605642770349739e+00
4.875575485433854439e+00
4.891443897771303284e+00
4.945314068196116963e+00
4.908918383280774123e+00
4.967873325651265048e+00
4.912981290114259991e+00
4.913951187770308593e+00
4.925399707444245045e+00
4.953835200555547935e+00
4.919035805348823231e+00
4.954509622694059701e+00
4.940205362984821491e+00
4.857773003440687631e+00
4.961627351376817430e+00
4.880401989079478753e+00
4.941751189763248675e+00
4.818122438536106777e+00
4.835707354561685101e+00
4.921958629448058176e+00
4.900107341128302707e+00
4.955854964492964143e+00
4.923062723615506897e+00
4.901612128337811569e+00
4.943000779386571786e+00
4.880838934242881066e+00
4.894857943526462307e+00
4.926135818583420978e+00
4.958670245865242521e+00
4.908182358561925085e+00
4.862493579814968214e+00
4.950106629328384855e+00
4.898404770454221513e+00
4.903243705521125761e+00
4.901342214247536688e+00
4.949885888140686419e+00
4.902903871854787710e+00
4.956330598386414543e+00
4.855956041198348672e+00
4.937847632551473964e+00
4.941835871687390913e+00
4.880974132496270101e+00
4.929236944180422242e+00
4.913573697570543075e+00
4.832771575616371607e+00
4.933420200392186317e+00
4.903335413733640458e+00
4.898093601772791850e+00
4.906201951132320715e+00
4.926855759019204584e+00
4.925702015380968746e+00
4.930704502564661418e+00
4.941779128071828175e+00
4.871432389480817804e+00
4.951337357014033991e+00
4.945885293119742343e+00
4.922112856779797596e+00
4.940707836493160698e+00
4.889768592353868293e+00
4.892883960593009007e+00
4.773071178819701998e+00
4.925503409069291294e+00
4.920746736143833289e+00
4.918151298448449893e+00
4.925966845561417173e+00
4.957952650149991314e+00
4.892796605821259526e+00
4.919630646728046841e+00
4.917670345891385075e+00
-4.656508110673021061e-01
4.939627135630571431e+00
4.893653685352024496e+00
4.930952223362664810e+00
4.948764967659800007e+00
4.952486440373900400e+00
4.893507769154215481e+00
4.891292824889200475e+00
4.931139872536251190e+00
4.865929655360149653e+00
4.952948782521934490e+00
4.928786524131533398e+00
4.934798068356150758e+00
-4.999160209068025384e-01
4.929032335706919454e+00
4.905089451258399791e+00
4.881075302819837702e+00
4.942296481925290585e+00
4.951422541574223679e+00
4.923932635323474472e+00
4.945520834133045440e+00
4.923178077226719296e+00
4.943530982326153733e+00
4.881162903196923253e+00
4.878328189247772784e+00
4.825515965573044852e+00
4.941797425185463943e+00
4.902570372932729015e+00
4.865946561182743046e+00
4.945363152648461380e+00
4.945516287257686550e+00
4.924707533349762301e+00
4.886045565131242441e+00
4.872649419415264305e+00
-7.898633319504142491e-01
4.891580972066785549e+00
4.891993666382177253e+00
4.957866695675768653e+00
4.944144452886009233e+00
4.960625198132440516e+00
4.944693517868989474e+00
4.929248932675567296e+00
4.887638889449200441e+00
4.943103919853699679e+00
4.889211332128395426e+00
4.932063033266201657e+00
-7.172532829544491229e-01
4.928312754594106337e+00
4.907654269971454930e+00
4.938026522452777733e+00
4.882346597359914497e+00
4.962120368038369200e+00
4.946744526633511718e+00
5.880838577283642010e+00
4.965250908647083072e+00
4.922291893671202345e+00
4.942579522895168331e+00
4.943185927444416095e+00
4.878321608108320717e+00
4.913020367480765316e+00
-1.580470636030570919e-01
4.958799055418401380e+00
4.918994144122528667e+00
4.918121535541272848e+00
4.955214334554492339e+00
4.922679972741207166e+00
4.881723475317449434e+00
4.911240147479186469e+00
4.905191329233948849e+00
4.913758471203157896e+00
-1.956694885540468665e-01
4.940844165999868309e+00
4.929184252036884928e+00
4.888279046769943292e+00
4.907268132748555445e+00
4.897675526267313728e+00
4.931630785094505143e+00
4.874188001809375059e+00
4.812242579285088695e+00
4.909081859768303246e+00
-1.877114006802668156e-01
4.945778851210180349e+00
4.906014439497794477e+00
4.950242223191059665e+00
4.929657372315107366e+00
4.937225040839999579e+00
4.935709187605757720e+00
4.917313095460470684e+00
4.937803759084951949e+00
4.805615582905213401e+00
4.960485826918661800e+00
4.881374365174524499e+00
4.948890272459295581e+00
4.927685078175201738e+00
4.902661697948238029e+00
4.900161868063722892e+00
4.939586466251302710e+00
4.890440841315991882e+00
4.896098996228827716e+00
4.940329592201666564e+00
4.889362187031514040e+00
4.816806799213745549e+00
4.924790141320877446e+00
4.903405909295154963e+00
4.922332015902238567e+00
4.889960878423309509e+00
4.905990225717738795e+00
-4.735302572906854301e-01
4.947754409241540863e+00
4.899535620039113581e+00
4.887416948481551948e+00
4.918400207769757060e+00
4.923404699571548804e+00
4.913335051407306864e+00
4.868275517463401592e+00
4.850522759560677244e+00
4.894178436650939545e+00
4.965418123006933193e+00
4.909446427827381498e+00
4.938324120820115404e+00
4.932985913837452330e+00
4.936156077979093837e+00
4.613847379453035469e-01
4.943402924304798773e+00
4.930249432368539964e+00
4.878851579624759793e+00
-4.482061491036666290e-01
4.927236064018769568e+00
4.887910060500248122e+00
4.892388688957714393e+00
4.911085393017948775e+00
4.905342807807908656e+00
4.900909183094947608e+00
4.974399794726926949e+00
4.930530424007746326e+00
4.884890633329087350e+00
4.907688549204909378e+00
4.934134429696923618e+00
4.936777861277041879e+00
4.923360915849647412e+00
4.899192800732063979e+00
4.961710818138944212e+00
4.927604047904304174e+00
4.939488186934951841e+00
4.951990442261841707e+00
4.915207514708370695e+00
4.910260130413015567e+00
4.938582905772440412e+00
4.854984969155602847e+00
4.925571748133071637e+00
4.875639295868803735e+00
4.893102766450374119e+00
4.922731429234923795e+00
4.929951260434554783e+00
4.866122677279852482e+00
4.903674801006918216e+00
4.919193746544275214e+00
4.900093342864927592e+00
-7.663540436715983173e-01
4.960919278935305599e+00
4.938863481692366442e+00
4.926692464559520701e+00
4.933206190277842573e+00
4.907768360970116817e+00
4.945127888852474562e+00
4.936988544353057229e+00
4.953129922432437660e+00
4.905789095308894510e+00
4.944667510536342903e+00
4.938766608831723914e+00
-8.415079110179268795e-01
4.961729898064281663e+00
4.942073018378811966e+00
4.918236971564061477e+00
4.922724235291515704e+00
4.926379818908803720e+00
4.922974900947561849e+00
4.889543337039031989e+00
4.546709493426479121e+00
4.889268634390179002e+00
-9.334738972665612700e-01
4.937910764938995278e+00
4.893073877776015657e+00
4.915894441468996234e+00
4.913254953880384690e+00
4.943896549975347554e+00
4.938823152808639705e+00
4.899788388425967867e+00
4.931388102146810226e+00
4.895887920788258185e+00
4.899278814725319897e+00
4.899472108771112389e+00
4.899985387282674409e+00
4.907143818767095489e+00
4.938341357265320752e+00
4.950915624532020054e+00
4.968093194383558675e+00
4.937055038356627179e+00
4.930384329334718707e+00
4.924545699112837127e+00
4.893819862762402551e+00
-3.330449064705880424e-01
4.949294237591347567e+00
4.917111511734732154e+00
4.833507563301907339e+00
4.942592749478468050e+00
4.883941025040694051e+00
4.879898344978819580e+00
4.948701598562563753e+00
4.926405620973127952e+00
4.933210910189783860e+00
4.891319319588502523e+00
4.899637600802874360e+00
4.892248320683168394e+00
4.946048145780358674e+00
4.936428034927242692e+00
4.910904635241572613e+00
4.935626068197980665e+00
4.919641862098238505e+00
4.929921682397761629e+00
4.952770987077300902e+00
4.913986091397227973e+00
4.955323614444547609e+00
4.889874864473338079e+00
4.946990315038803487e+00
4.918059149068052527e+00
4.926138643106956927e+00
-4.798523772451377400e-01
4.962239922645485635e+00
4.902466336049790208e+00
4.951967162409978584e+00
4.939308371934809649e+00
4.936833758315046339e+00
4.933206838470497679e+00
4.938001003380023235e+00
4.916222263265863646e+00
4.901255697135492362e+00
4.931844242614069174e+00
4.946954561881178769e+00
-8.188819071885746759e-01
4.915668626229057203e+00
4.900565035502923550e+00
-2.098167582644425710e-01
4.910721419530180043e+00
4.971237387473912861e+00
4.920513053684480553e+00
4.964109234272136462e+00
4.950415487133852821e+00
4.939816375386204328e+00
4.936164865511845079e+00
4.917795683557470099e+00
4.957061785683782418e+00
4.941081956811248510e+00
4.946511868490350849e+00
4.873455135373456315e+00
4.934396522767829474e+00
4.634667356814178518e+00
4.914747695363250735e+00
4.921288854959104064e+00
4.891082266127058098e+00
4.934356832362394307e+00
4.863547377803653760e+00
4.884816668272606854e+00
4.932525382000231495e+00
4.935296495789562421e+00
4.893214484619490712e+00
4.933672424807951096e+00
4.735899690739834966e+00
4.939538924845431112e+00
4.921135131695749010e+00
4.980979977914248735e+00
4.906458567339563537e+00
4.883461398269616005e+00
4.906441583553398544e+00
4.869390916185545315e+00
4.910967504546279727e+00
4.976080776332202582e+00
4.955244915164051633e+00
4.948730793929845717e+00
4.909188235080138796e+00
4.905165034111562683e+00
4.936050692439733822e+00
4.924354850504657932e+00
4.916545543005054419e+00
4.928764487299122976e+00
4.902260168202641211e+00
4.890305521794021004e+00
4.908143479084031924e+00
4.948397917679203672e+00
4.832454893038963029e+00
4.934114469816080373e+00
4.852007187745430272e+00
4.931682918783877767e+00
4.825303021486718080e+00
4.848530315077451469e+00
4.945819924999447892e+00
4.891508382910314978e+00
4.880340523034209177e+00
4.901218816104727871e+00
4.928267734746804685e+00
4.916626962130694167e+00
4.900289570894938329e+00
4.939795655862903700e+00
4.917503584648557080e+00
4.923596236033217721e+00
4.903928997147237290e+00
4.947095195408028445e+00
4.956463017476012922e+00
4.895684503944987220e+00
4.906110058974709531e+00
4.945681236089502164e+00
4.957391283052689168e+00
-6.851209153822174214e-01
4.937992976665930733e+00
4.939263286606779602e+00
4.938978720471668638e+00
4.914209554648215850e+00
4.934435046217681808e+00
4.915323152710540988e+00
4.924678676757555884e+00
4.880525543983196712e+00
4.951138782575906561e+00
4.973360340619235487e+00
4.909509977966691530e+00
4.941572381146385418e+00
4.961443725905529512e+00
4.899767427566444233e+00
4.951810468510375429e+00
4.946340896750607286e+00
4.942611118160932904e+00
4.964489897626029880e+00
4.904245198831339358e+00
4.942257607985673928e+00
-5.140506541109147731e-01
4.865517057717380744e+00
4.950547321609782614e+00
4.926681975058510687e+00
4.821724724937846318e+00
4.758459481533979130e+00
4.921064666141267807e+00
-7.695111781264106776e-01
4.927964932438040790e+00
4.936464292580106772e+00
4.949674007013176613e+00
4.953876357874666070e+00
4.957996562399454632e+00
4.946957728371966567e+00
4.926131040907860026e+00
4.906054771695776751e+00
4.923895568030603798e+00
4.956708716254526692e+00
4.881932566838468546e+00
4.938242871228615272e+00
4.596134253770755684e+00
4.930975797137474359e+00
4.946592977347036957e+00
4.922565785397877036e+00
4.942628617986002837e+00
4.906856272138181652e+00
4.876789043520940226e+00
4.889077950896267843e+00
4.890801127203845411e+00
4.854450040666798749e+00
4.933111498523691907e+00
4.492419870736383380e+00
4.927922851386863812e+00
-7.709998779430579097e-01
4.910161897544433884e+00
4.940065487768759311e+00
4.945348095360419194e+00
4.928935498313498975e+00
4.903040194219723702e+00
4.924915182902466881e+00
4.921665684711699740e+00
4.922556589786001524e+00
4.957806625712473547e+00
4.848603118716013682e+00
4.937911086915754311e+00
4.924978832420945807e+00
4.866670920974923931e+00
4.955341987061109066e+00
4.907643235674258086e+00
5.888322096002015726e+00
4.933394995192679211e+00
4.948018635053681891e+00
4.887291015219011214e+00
-4.897216611499456418e-01
4.938072952209254574e+00
4.862343824051066576e+00
4.928796702955158260e+00
4.894810331209961340e+00
4.892778561924721714e+00
4.940078720291199765e+00
4.939602099309759353e+00
4.942244990927203929e+00
4.945372716652860490e+00
4.859817542242407917e+00
4.852805918438571453e+00
4.910914076317327570e+00
4.914634485866424818e+00
4.937895106388379141e+00
4.941047281309002948e+00
-6.237576128754782623e-01
-7.074542865428181670e-01
4.867753242622553600e+00
4.942434674651067894e+00
4.932516516548794527e+00
4.840397438475862124e+00
4.939704540292466639e+00
4.949228956462480511e+00
-5.576848438002341979e-01
4.949922857966162049e+00
4.847380337344940671e+00
4.848983808792712402e+00
4.850157692655269415e+00
4.922577094859601488e+00
4.923730272850146861e+00
4.935798949885174203e+00
4.934623717000875764e+00
4.891971536482412120e+00
4.860185170666141197e+00
4.903340497986618196e+00
4.948226489229586633e+00
4.822536344987850221e+00
4.952010799435059063e+00
4.917981810849024527e+00
4.934751945282479291e+00
4.894949876952798817e+00
4.922228731869667584e+00
-5.426379318764220638e-01
4.971486055528107073e+00
4.897580316502864406e+00
4.934312804210453152e+00
4.914514011132991023e+00
-4.749380381817616126e-01
4.929761942569320432e+00
4.880371517599545683e+00
4.941554585715611125e+00
4.917604609152101958e+00
4.885042601907077398e+00
4.934624966000687785e+00
4.879388464851605711e+00
4.909487698022212854e+00
4.903743206030605428e+00
4.935388885814888660e+00
4.945287213994369324e+00
4.900482718253380554e+00
4.833887265599471128e+00
4.956756747803010121e+00
4.904061812481088189e+00
4.865721697482898733e+00
-3.232761774443838609e-01
4.918493298097466493e+00
4.935919840319215268e+00
4.919117633148267998e+00
4.794432469630413252e+00
4.913281003945967562e+00
4.933053832063968969e+00
4.909719888981795677e+00
4.924231282926843534e+00
4.942188580760335626e+00
4.927494818690326461e+00
4.935648603919348787e+00
4.972954048355181733e+00
4.956919683620014894e+00
4.955763815338503520e+00
4.923213315311437910e+00
4.865575525668499601e+00
4.908051833933242847e+00
4.761014378035008932e+00
4.900325351061569634e+00
4.888908467532478319e+00
4.946073098191093642e+00
4.841568025042303880e+00
4.901954590313533089e+00
4.917751587678873548e+00
4.917756086725876941e+00
4.914275110504028987e+00
4.925622122566559291e+00
4.892019706647579902e+00
4.924186463559866667e+00
4.944203644805095443e+00
4.916321078091066887e+00
4.943741839248895431e+00
4.927135705984829528e+00
4.931480920177090610e+00
4.963512226103376612e+00
4.916334253338228599e+00
4.883780266861037056e+00
4.932258180779086842e+00
4.919383755739663577e+00
4.951337713653469308e+00
4.918041415952370876e+00
4.693751387483082738e+00
4.918043027304371151e+00
4.873019341382439862e+00
-5.149387970070015141e-01
4.943913224228603909e+00
4.904466792672036668e+00
4.929899427003722856e+00
4.961182009486746480e+00
4.940379414991497242e+00
4.932845756444965701e+00
4.871543555567859229e+00
4.967051156598892625e+00
4.956584655660061678e+00
4.938245305943619101e+00
-4.932036746433414720e-01
4.783281440468168277e+00
4.912174908567786602e+00
4.892095806487679610e+00
4.920318821921926933e+00
4.924183405330154528e+00
4.897123902465938095e+00
-8.063870308245210117e-01
4.928719150994118614e+00
4.890379878736704100e+00
4.910905880198508378e+00
4.897276032348324648e+00
4.912017161457816528e+00
4.920520982755301809e+00
-3.477678828968734370e-01
4.929279374948597692e+00
4.907782142232532507e+00
4.881030846021869429e+00
4.749528534400743851e+00
4.942716469195994833e+00
4.925525572892587078e+00
4.954216024838170362e+00
4.883239609475362286e+00
4.939124616310582638e+00
4.923872128131126402e+00
4.959259955283092935e+00
4.907292607013030050e+00
-4.518364264910419426e-01
-8.927273637269121931e-01
4.928960389660477226e+00
4.929369223756944862e+00
4.949056187814080410e+00
4.965210472821146581e+00
4.943333069183566408e+00
4.921392602865186205e+00
4.886316182985344980e+00
4.922275770812398754e+00
4.955726855938992870e+00
4.926414181769800393e+00
4.914027807065211029e+00
4.923077201296811367e+00
4.919272063258562255e+00
4.909189782127862500e+00
4.940804107242718679e+00
4.868012259392144436e+00
4.879850929919435032e+00
