-1.272895149321236818e+00
-5.595971201536849987e-02
-8.488466304727453338e-01
-8.036896605768983903e-01
2.148951017621777149e-01
-8.266067304859439080e-01
-8.301192162732895508e-01
-7.570119243680772936e-01
-7.732003031998273546e-01
-7.517807671142591186e-01
-1.304062309422876487e+00
-1.535369674106941418e-01
-2.515173958827270351e-01
-4.642629923651862833e-02
-1.020032743023851163e+00
-7.228064128356381790e-01
3.756171678523714252e-01
-8.410263198119992678e-01
-1.148713622294522257e-01
5.019225642503373497e-02
-1.519422949579885829e-01
6.137473614456563642e-02
3.713627067954969330e-01
-1.811422779906317893e-01
-8.662631247409015300e-02
-7.545970950982970882e-01
-4.085335091080632280e-02
-1.452657006625153457e-01
1.298724102395699131e-01
-2.989813985050190220e-02
-1.202464276050302233e-01
-9.824327234792200325e-02
-1.631616100390063384e-01
-9.338925447814441783e-02
2.568363755418260896e-01
-6.774169545399196316e-03
-1.843299331831382837e-01
-3.055351131365396378e-01
-1.297296790625638740e+00
-6.092946344469503395e-02
2.121763268847399464e-01
1.718220077032318327e-01
1.747220429271359732e-01
-3.061189449360578879e-02
-9.177104674430049125e-02
-8.402543607640355905e-02
-8.455629809271508757e-01
8.485223145477052697e-02
-1.927636572868627884e-01
2.485899956705972247e-01
2.305903084510455003e-01
-6.128315408351445170e-02
-9.014331832925688293e-01
-3.168666453907310609e-01
2.076025190816241373e-01
4.369561320826713391e-02
-1.775234493446705142e-01
1.283329575780627341e-01
4.257435225033048831e-02
-8.269463358940937203e-01
-1.323787278283856117e-01
-2.283261365918642372e-01
-2.413787957961116559e-01
1.022358266915933400e-02
-7.790283688091803604e-01
-5.732873147374806938e-02
-7.982582663144197621e-01
4.906373880934851162e-01
-3.675344670702822558e-01
-8.567167172718201940e-01
-1.035226459866710025e+00
-3.967844084139064975e-01
-8.176523071233294804e-01
-7.192403438535570626e-01
-1.187631925277095712e+00
-1.253450206098744024e+00
-7.803431740998830746e-01
1.502602618687355474e+01
1.307925267753574516e+01
-1.710164862922559648e-01
1.305463634813654394e+01
-3.529301145265896222e-01
1.402756769090894906e+01
1.304509318750920244e+01
-3.673343669085088470e-01
-3.889665107437416669e-01
1.307605507652299437e+01
1.304668903103680044e+01
-4.179792718053558787e-01
-4.291478434033699774e-01
1.306736579993888903e+01
-3.529661353871154095e-01
1.306101214300038293e+01
1.306344854979336390e+01
1.306540601601318485e+01
1.307261854806893098e+01
-4.145584590810900139e-01
1.308203697193092196e+01
-3.758878012230915111e-01
1.306330615272655926e+01
-3.919946155434236301e-01
1.305969515239464052e+01
1.304771144922250059e+01
1.306518737777883032e+01
1.306039662367364329e+01
1.307607415490252478e+01
-4.120993268023291911e-01
1.304376375728776694e+01
1.307028947142728903e+01
-4.117740808164526145e-01
1.303856011666530534e+01
1.306731095219129735e+01
-4.031265573400324431e-01
1.304818215400818460e+01
1.305986740979222915e+01
1.309312928867446146e+01
1.307639081806310166e+01
-4.159572096198312918e-01
1.305788953496838545e+01
1.304392862742068004e+01
1.305596780695222670e+01
1.308017006320119435e+01
1.299901473197364332e+01
1.304558785092843110e+01
-3.922649831883691096e-01
1.305406347186863769e+01
1.308081118128780140e+01
1.303672164533488598e+01
-3.683627883269007253e-01
1.304785361490341344e+01
1.307111882099833267e+01
1.309215448270902726e+01
1.303457481639884286e+01
-3.719051546573377554e-01
1.306198887051431079e+01
1.306924835055046685e+01
1.304593557345867971e+01
1.306406638545365695e+01
1.305407399275093994e+01
1.404768182105933505e+01
1.304004937927098595e+01
1.305639100550664367e+01
1.305446986925343467e+01
1.304232541191540484e+01
1.306275354412285239e+01
1.309690727085524919e+01
1.303677035053977207e+01
1.306952482769116308e+01
1.304782743676401147e+01
1.307504745060246520e+01
1.306210752800923558e+01
1.305416966286413860e+01
-4.070967533556185680e-01
1.306215920768267580e+01
1.305743637749958808e+01
1.305568176674106340e+01
1.305050516839607866e+01
1.306087448839534737e+01
1.304571917736032205e+01
1.305675403118854661e+01
1.304876870567015246e+01
1.305432121595366368e+01
1.309501348011003685e+01
-3.862631682068050631e-01
-3.839102205658542211e-01
1.305539847194236103e+01
1.309186046796858705e+01
1.307227529318789649e+01
-3.949978902351225507e-01
-3.992190692972795718e-01
1.306890721489054208e+01
1.306153980786416824e+01
1.306320059997652905e+01
1.303690721763032023e+01
1.307313968902870371e+01
1.305253054750771469e+01
1.308347068104350086e+01
1.304050525712729680e+01
1.308400415715290421e+01
1.307435112368795416e+01
1.306290036097694518e+01
1.303595642437604951e+01
1.304620804578710391e+01
1.309415532329969523e+01
1.306086817819858226e+01
1.305909641311897573e+01
1.304518084619736484e+01
1.307134008595686225e+01
1.305848931922082912e+01
1.306929051329851532e+01
1.305234255933208232e+01
1.307334175705183021e+01
1.306643290505571287e+01
1.307303791374173585e+01
1.305779669834490164e+01
1.301964842285434365e+01
1.307984757959788702e+01
1.305866860105588323e+01
1.306192578133525650e+01
1.305891157173148187e+01
1.403994669567310005e+01
-2.934215723131783360e-02
1.303844071474422606e+01
1.305374034753478263e+01
1.306723547730759272e+01
1.309067546382826386e+01
1.306861003065715465e+01
1.303448011589504674e+01
1.305437153800753158e+01
1.304991784795506682e+01
1.309348792080851709e+01
1.307873305023583299e+01
1.413210023692458783e+01
1.306051020061422996e+01
1.305248215098394837e+01
1.304744420558160023e+01
1.308609777482965875e+01
1.305959346692370282e+01
1.304587411822113197e+01
1.304525378902650878e+01
1.305885696628002179e+01
1.304331974487457657e+01
1.307121216978882217e+01
1.305654734343753631e+01
1.307146824347253222e+01
1.308015564606159842e+01
1.305094193625489574e+01
1.307227251971250936e+01
1.303889930734305125e+01
1.307290533848028957e+01
1.312606613277113965e+01
1.304505049095310554e+01
1.307707998621243739e+01
1.305636230506945594e+01
1.303315602807743545e+01
1.304923659756521914e+01
1.403700979552584727e+01
1.304181158147524400e+01
1.308339676478456859e+01
1.305454937416844885e+01
1.305251680998539143e+01
1.304268480430254940e+01
1.305361522805005414e+01
1.305442432214199222e+01
1.304209958944475289e+01
1.307396003178176613e+01
1.305717375050815221e+01
1.306255171750885680e+01
1.308107337206600107e+01
1.305075453257987483e+01
1.306255259591597628e+01
1.306297701198551309e+01
-4.613550502379548668e-02
1.307044865778253318e+01
-3.907548095381649933e-01
1.306933998321708401e+01
1.304944792277693466e+01
1.306607088935070493e+01
1.306853316048689706e+01
1.306634429300042832e+01
1.308063552469822000e+01
1.406486099986331695e+01
1.307040696806432578e+01
1.305725151807747686e+01
1.308411228159977924e+01
1.304160094594346830e+01
1.303826786188577280e+01
-4.152840860522223343e-01
1.304228303856321247e+01
1.304699238518452908e+01
1.306670374982934568e+01
1.304076540485110236e+01
1.304428869138146041e+01
1.308098075838410068e+01
1.304049674098824774e+01
1.304559022333573992e+01
1.305127261832441121e+01
1.304583022467059195e+01
1.306965409648085341e+01
1.303692686522647648e+01
1.306151138719924987e+01
1.304585410973149173e+01
1.305650951727098885e+01
1.306973648902646445e+01
1.305775655766913523e+01
1.307458865617558530e+01
1.306903498646050643e+01
-3.877013054189232255e-01
1.303160258564220619e+01
-4.231693289283559034e-01
1.304239365656568062e+01
1.305818017987264668e+01
1.307465754489666843e+01
1.305941457370736813e+01
1.308917600937215120e+01
1.307650531965687790e+01
1.304747821353416626e+01
1.301612008924489494e+01
1.305225447441381093e+01
1.303404072720073614e+01
1.300099549473555349e+01
1.306458453229521233e+01
1.307139423380727195e+01
1.305791248801947191e+01
1.308215512548784432e+01
1.307931484830887925e+01
1.306210891850239975e+01
1.305835226218966838e+01
1.304770638233603464e+01
1.303548792383128507e+01
1.307036584389814138e+01
1.307566937948974406e+01
1.305720100412407092e+01
1.307203171340430892e+01
1.307917255234694842e+01
1.306474833155634840e+01
1.303803594112525666e+01
1.307269537346911292e+01
1.306168915626502347e+01
1.305005706598891813e+01
1.307255629215701020e+01
-1.214458220627412377e-01
-5.532250221602696971e-02
1.303888420461480280e+01
1.306469828354403262e+01
1.304232934097295349e+01
1.304569432420053232e+01
1.303862831496569186e+01
1.308449781740202233e+01
1.304646145279989433e+01
-5.249387324454557469e-02
-1.280064890935259658e-01
1.304419321098728446e+01
-6.164500483841128808e-02
1.302958321197723635e+01
1.303726638311875163e+01
1.303613107037412533e+01
1.302827072509359496e+01
1.303640869325217189e+01
1.304691495868439688e+01
1.304138052210864807e+01
1.305496785489729916e+01
1.304785713133570191e+01
1.306766467558375666e+01
1.304253604752643980e+01
1.304582593430329496e+01
1.305836193984690041e+01
1.306739077691412199e+01
1.304550758461232718e+01
1.404817363159516574e+01
-1.111337067135513834e-01
1.305270419234027557e+01
1.308323142093519564e+01
1.304880262841662031e+01
1.306397831936663856e+01
1.303417147982481694e+01
1.305102682163854411e+01
1.406063995973932101e+01
1.405558019720379370e+01
1.308261500332183402e+01
1.304391360792994092e+01
1.300024999598563014e+01
1.305846363075052352e+01
1.306393561998210373e+01
1.405385738581952459e+01
1.303277137088630866e+01
1.307312227026612916e+01
1.303962199472640293e+01
1.304651235176921809e+01
1.307516026122772601e+01
1.309275445696155593e+01
1.306655943937480302e+01
1.309870253946768059e+01
1.310705011916440732e+01
-7.634768353800192031e-02
1.307534264346763209e+01
1.306617811540635898e+01
1.299412956637356409e+01
1.309124689428605137e+01
1.306274338445754424e+01
1.305651319705732227e+01
1.307192921852681700e+01
1.313889085936837553e+01
1.306122787491423409e+01
1.306837684336374039e+01
1.303048648282383226e+01
1.305972967693849895e+01
1.304846697306485126e+01
1.306304845819560434e+01
1.306297206337765537e+01
1.306898920665768316e+01
1.306166323054066503e+01
1.304837933026256991e+01
1.305323851332141771e+01
1.304687055151024566e+01
1.303543035394900862e+01
1.304989672818894064e+01
1.306972271832580645e+01
1.306039435253043379e+01
1.306340818268624560e+01
1.304032563135397638e+01
1.305097420260762497e+01
1.307696323731189558e+01
1.303095306835825085e+01
1.305710894853306314e+01
1.308882714645196543e+01
1.303451567319972604e+01
1.303825002279254264e+01
1.302976830206933911e+01
1.307849481608786668e+01
1.303672583999384571e+01
1.306954105690053680e+01
1.304485541606100618e+01
1.305180448523575976e+01
1.303842673770295235e+01
1.304999562950481717e+01
1.306923009115779521e+01
1.304223231586976084e+01
1.305814205311576792e+01
1.304674550754793039e+01
1.305441643559554166e+01
1.304923545851939615e+01
1.305862569668797946e+01
1.303561338549801363e+01
1.304696414914334746e+01
1.304396683620695541e+01
1.306143465721167019e+01
1.303848203691117114e+01
1.305981634547512193e+01
1.303698081227346250e+01
1.304921806332870737e+01
1.304117966724619748e+01
1.304170585695164242e+01
1.304580981107884341e+01
1.306665831198228211e+01
-3.100728473247859052e-01
1.307909405590363860e+01
1.305831722550049889e+01
1.403487530183770815e+01
1.307774182744243063e+01
1.304683377408969136e+01
1.304183680831051007e+01
1.304660607914405546e+01
1.304193218235372242e+01
1.304354905267613063e+01
1.404376288447723375e+01
1.304791432595527212e+01
1.308199719340769818e+01
1.306376513238193837e+01
-9.866126756369706374e-01
1.307813615026348586e+01
1.305835991215673708e+01
1.305008758877346509e+01
1.305788213781162987e+01
1.507939748368339572e+01
1.303268452876453409e+01
1.305595015830224170e+01
1.303523446428634180e+01
1.304458792244683885e+01
1.306950502633976896e+01
-9.133846041689441808e-02
1.305660904583515070e+01
1.305842514062058513e+01
1.303705770989354917e+01
1.304008860158986671e+01
1.303831537255696205e+01
1.305386923677543365e+01
1.505597534761089662e+01
1.305931896988181862e+01
1.304876490866332439e+01
1.309038106100302912e+01
1.306865307416641819e+01
1.303796484445614823e+01
1.304009341122832488e+01
1.306135407871921394e+01
1.504997474100538923e+01
1.303418017865685030e+01
1.308762647408884838e+01
1.307441320609882851e+01
1.304634680555210657e+01
1.304431777508903956e+01
-4.150701276036961040e-01
-4.322064720797169635e-01
1.306826841495680469e+01
1.307298355905044218e+01
1.307683959058350709e+01
1.304353838436340141e+01
1.307770209765207170e+01
1.305972860599326069e+01
1.403648247615149458e+01
-7.049633365446061894e-01
1.404006056615049403e+01
1.306304857182546542e+01
1.303312916363773688e+01
1.304814467217260976e+01
1.404674945322514645e+01
1.302764331227867700e+01
-4.252404948677490637e-02
1.306101177654284129e+01
-5.259109985677379306e-02
1.304174877943550470e+01
1.303586004139788201e+01
1.304702718064883094e+01
1.300949311755853444e+01
1.305068788166989435e+01
1.304915712332843114e+01
-4.248524002023552626e-01
-3.971354189748188546e-01
1.304629704484091945e+01
1.304495172053865559e+01
1.305874042740249052e+01
1.307729777555184469e+01
1.305747932156734592e+01
1.306727542374143347e+01
1.306858453849338986e+01
1.304706118887742505e+01
1.303012003321323853e+01
1.303732514336093296e+01
1.404523038325804407e+01
1.304120781664695983e+01
1.305562645201942829e+01
1.303238015501114511e+01
1.303811671963297592e+01
1.304572033668092246e+01
1.403545038345917995e+01
1.307111586549963711e+01
1.305294220099717428e+01
1.305374216728882608e+01
1.304232702781609277e+01
-6.642803658348372942e-02
1.307675189551867589e+01
1.306354879075605879e+01
1.511952418518794872e+01
1.303637593320444665e+01
1.304919123119461410e+01
1.307183671243018885e+01
1.306203498601638202e+01
1.304008201361461872e+01
1.304591441366781623e+01
1.304174271931547224e+01
1.305426768977439878e+01
1.307339650530001407e+01
1.307755334372236966e+01
1.306523181326297944e+01
1.304116116650070012e+01
1.304503718945932889e+01
1.306957496532509566e+01
1.305921275980484353e+01
-2.843106509962006756e-01
1.308966841015381810e+01
1.307106539630679265e+01
1.307560213407983518e+01
1.307433268215882194e+01
-5.666029788385917865e-02
1.305039075332190990e+01
-7.722408420892434844e-02
1.303706257838744875e+01
1.305115967481389205e+01
1.303769124027517989e+01
1.304926913457060067e+01
1.307870635883788069e+01
1.304908047876032917e+01
1.305693317111959395e+01
1.305443962173563399e+01
1.305931040330250248e+01
1.304957324121271611e+01
1.308290695813638038e+01
1.303891786975170142e+01
1.307131538207577393e+01
1.305358950405105745e+01
1.306615156887912832e+01
1.307661669462231657e+01
1.303701225902559102e+01
1.301612766895168782e+01
1.305448084421877297e+01
1.306393690008996344e+01
1.306817988706558786e+01
1.307820709275206994e+01
1.305405423762765871e+01
1.306436240853988195e+01
1.304244607909835274e+01
1.305168654219967550e+01
1.406886722353781849e+01
1.307634376358109840e+01
1.304799152509713878e+01
1.307725871004467422e+01
1.304354136377054729e+01
1.305605785171779232e+01
1.305217519521008285e+01
1.307360049655292045e+01
1.303939150767594768e+01
1.308156154198048604e+01
1.306286820259916759e+01
1.303807714686949737e+01
1.304209698874501910e+01
1.303357972593668634e+01
1.403894934670759298e+01
1.309019563625685834e+01
1.304835191657119786e+01
1.303450113389868648e+01
1.304237576941088150e+01
1.306353833802541686e+01
1.303162618683468565e+01
1.308692944712200301e+01
1.304262936732228262e+01
1.303983002731043150e+01
1.305963963014281148e+01
1.307420505413316647e+01
1.305170474213183063e+01
1.305037895308405282e+01
1.306582498323492914e+01
1.304004263690514342e+01
1.307149319512169683e+01
1.304869073962906967e+01
1.306730506167007988e+01
1.306329236426915941e+01
1.305469869811600603e+01
1.404409654041504396e+01
1.308472221997229923e+01
1.307736022111793694e+01
1.306866985709790718e+01
1.304326294397716168e+01
1.306518390843543465e+01
1.307324123989666376e+01
-2.286796205042760377e-01
1.305595168527461780e+01
1.307214421587364583e+01
1.308396022078019350e+01
1.305380570229281645e+01
1.303068776679204710e+01
1.308701514387439602e+01
1.304905838191095313e+01
1.304508709303327052e+01
1.307406679879373357e+01
1.305249927471933447e+01
1.305767010742214218e+01
1.306139075916523851e+01
1.309155516107133188e+01
1.305755024955738364e+01
1.309194897087036935e+01
1.306427693760477204e+01
1.305257315320928768e+01
1.305908325044338447e+01
-3.909997977714499973e-01
1.304225160652279492e+01
1.307751360417464426e+01
1.306691948930816949e+01
1.305013466563100266e+01
1.306021028266141570e+01
1.306888686485813622e+01
1.304202418662957896e+01
1.304362898729876896e+01
1.304057640638806603e+01
1.306193937972734886e+01
1.308261409252295948e+01
1.307634278873326750e+01
1.305787096161642502e+01
1.307564014929431551e+01
1.307922023377270548e+01
1.306726237814639902e+01
1.308073557558634548e+01
1.308106554337100391e+01
1.307678186327876091e+01
1.306970030142336370e+01
1.307270837173966171e+01
1.304542315627580074e+01
1.406068872289421634e+01
1.306064493529531489e+01
1.307124570975213906e+01
1.304942396037811214e+01
1.309254197267519082e+01
1.307070770934448589e+01
1.307745269408484567e+01
1.300217418046447371e+01
1.306070188047714709e+01
1.309051885097931134e+01
1.306525459818802304e+01
1.303843658797950766e+01
1.309246433159594858e+01
1.306836518343247278e+01
1.307197466050248913e+01
1.307395212192075995e+01
1.307745346247456197e+01
1.308470728054481214e+01
1.306849094051795745e+01
-1.002566679675195305e-01
1.306489824963156465e+01
1.306772208219298115e+01
1.403949551301705512e+01
1.305265523696193952e+01
1.305071568359851142e+01
1.306806983540372080e+01
1.305186026571984215e+01
1.304793078665849038e+01
1.310293652410246779e+01
1.306351141635970947e+01
1.306449590307722630e+01
1.305660981487849170e+01
1.305925548199805775e+01
1.309081005923939500e+01
-3.844475809769812846e-01
1.305485686409580914e+01
-4.178857555204917862e-02
1.308089457463247562e+01
1.306611646375937497e+01
1.309907665543114597e+01
1.307143309695194944e+01
1.306486636152491343e+01
1.305932768451476633e+01
1.306654491004538166e+01
1.308421664054486833e+01
1.307321877618489303e+01
1.306735685856142481e+01
-5.463304940715915103e-01
1.305818617504245793e+01
-1.835886933343596761e-01
1.308314428522867523e+01
1.307545583203918227e+01
1.306615233071515370e+01
1.303415880754189971e+01
1.307154504411183993e+01
1.305265113885292294e+01
1.304942991234062610e+01
-9.998895887736372057e-01
-8.114146387867593457e-01
1.304427479206301932e+01
1.305105424985890039e+01
1.304106320361546167e+01
1.306763900917138344e+01
-9.905705698853466412e-01
1.307937797842577510e+01
1.306941492115314318e+01
1.303526667421171581e+01
1.305162610995459183e+01
1.306349516948242417e+01
1.306092780778346452e+01
1.308354948683263075e+01
1.306732843277910305e+01
1.304561946194343491e+01
1.309850301389958460e+01
1.305698453339964971e+01
1.308947303126501538e+01
-2.557575527932383075e-01
1.305222914939098189e+01
1.307533822317175520e+01
1.308350899544697654e+01
1.309040023451852619e+01
1.306549796853217416e+01
1.303847745973796890e+01
1.307149537579924115e+01
1.307994732836290375e+01
1.305546240436530248e+01
1.305634973737915772e+01
1.306541815921131011e+01
1.306384448425694522e+01
1.303912140170215217e+01
1.308566720027171293e+01
1.305027278997775753e+01
1.306416221261576460e+01
1.308261276603159118e+01
1.307323075123812650e+01
1.306130121579096226e+01
1.307737776937320007e+01
1.309658184724676211e+01
1.305599098503310351e+01
1.306460737860092181e+01
1.308216518694202080e+01
1.303635787915159305e+01
1.305446274739519552e+01
1.303677689548396046e+01
1.306111232655282706e+01
1.306444695877500095e+01
1.304215561966764270e+01
1.306237149902477945e+01
1.309168811871541038e+01
1.307102984363197606e+01
1.305350647392089058e+01
1.307273678090631641e+01
1.313074184470167438e+01
1.304470769691964627e+01
1.306475224255057732e+01
1.309891345257260298e+01
-3.962482359089085637e-01
1.307262767580060014e+01
1.305489157020264557e+01
1.310055638165160730e+01
1.304069707539977863e+01
1.306579642476541103e+01
1.305028086803730147e+01
1.306268207236020018e+01
1.306981349534732217e+01
1.306083541544076887e+01
1.307272866718589555e+01
1.304779019968032827e+01
1.308337083756274488e+01
1.306252769451461226e+01
1.307095029462997005e+01
1.309517710097722087e+01
1.304586634242343024e+01
1.307470515612208573e+01
1.307263144585313341e+01
1.306631571112285073e+01
1.305049561974556305e+01
1.305722858535292552e+01
1.305886455772256483e+01
1.306364060961598739e+01
1.307477147419846020e+01
-3.735145551478719073e-01
1.304422211937873932e+01
1.307147968341342903e+01
1.304181674227599430e+01
1.304122637662967499e+01
1.309492300224598083e+01
1.304566565273916900e+01
1.306432606577119770e+01
1.303291785011167292e+01
1.307556937717293088e+01
1.305165685022468125e+01
-4.175538663635619541e-01
1.305668006706317286e+01
1.305168927090127085e+01
1.305099359513142510e+01
1.303812076683584920e+01
1.305002188268124463e+01
1.306406836011108830e+01
1.308819907961698448e+01
1.306209166719598613e+01
1.303842017761044758e+01
-3.779784162928342406e-01
-9.265643316244975836e-02
1.311782261769801927e+01
1.305605717504478491e+01
1.308198687815967354e+01
1.306594415438010515e+01
1.309098496666713984e+01
1.305959021491495875e+01
1.306309778045184089e+01
1.404211671583200527e+01
-6.794444183348400390e-01
1.306147942109694782e+01
1.308587213629015977e+01
-2.341782314283450406e-01
1.305668073763892600e+01
1.307887871843167460e+01
1.306155523317683631e+01
1.309170338356308960e+01
1.304861218030298886e+01
1.304516632530781450e+01
1.305671018690184582e+01
1.304088522861101396e+01
1.305449889043308787e+01
1.305578921152271121e+01
1.305917340184802811e+01
1.304249946248751613e+01
1.303898790642596417e+01
1.304951870184413210e+01
1.403894160741429609e+01
1.306377678390662567e+01
1.304281968721011076e+01
1.309364882054557810e+01
1.310972501718534389e+01
1.307446927321617736e+01
1.304572455707784862e+01
1.304647709644350329e+01
1.307999452019949693e+01
1.304270411595825685e+01
-4.227205505992105428e-01
1.306569928041254869e+01
1.304213731333208415e+01
1.304597547197575125e+01
1.304815145005278332e+01
1.305832970529510106e+01
1.305450680188579682e+01
1.304893163241492360e+01
1.306881844259704195e+01
1.306499466765106021e+01
1.303988021745498216e+01
1.305502734224552697e+01
1.305837592288990834e+01
1.304091848256848962e+01
-4.384217181160253718e-01
1.306012651399897706e+01
1.305515069474746781e+01
1.304569634538862744e+01
1.307612383986813143e+01
1.304732928067678088e+01
1.304226479167620489e+01
1.304624766578358042e+01
1.308005345846059164e+01
1.306384859960055955e+01
1.308204105617599211e+01
1.305480223541309925e+01
1.307664865965359979e+01
1.303747748249300642e+01
1.303974398856586525e+01
1.303431818491802474e+01
1.306221927552834039e+01
1.306047653016393895e+01
1.307204101877753999e+01
1.305256697975993596e+01
1.304392735050597985e+01
1.306242250321180265e+01
1.304646841874405538e+01
1.304194845344338560e+01
1.305633067394021651e+01
1.304567976039685284e+01
1.305438161353888837e+01
1.305375428721294284e+01
1.305201027609787801e+01
1.305682151794464474e+01
1.301524690502835035e+01
1.308613536294717505e+01
1.305903571035853972e+01
-4.234802455632208362e-01
-7.211444152016465159e-01
1.305336491531858201e+01
1.306510287068450182e+01
1.306478789804702956e+01
1.305290365121349971e+01
1.305139490206193997e+01
1.403734372063046010e+01
1.306234038757473925e+01
1.308526453254499877e+01
1.306070428645084647e+01
1.306660672642816579e+01
1.305066248340002311e+01
1.305745356070372054e+01
1.306512735797108604e+01
1.308155419402881670e+01
1.303846519549447613e+01
1.305666827518062156e+01
1.303094783270767110e+01
1.303946191852567260e+01
-7.208419678272932618e-01
1.306241563607758849e+01
1.305717958881233898e+01
1.305964303308335417e+01
1.304187640151334904e+01
1.304104264090964804e+01
1.304056048389841038e+01
1.304075949066795204e+01
-6.750827352758476119e-01
1.304905180059698111e+01
1.307064076737770719e+01
1.305285431622676384e+01
1.304809047462559413e+01
1.305687425840248750e+01
1.307536404694904597e+01
1.306467651690902798e+01
1.304387273098999422e+01
1.303342710130176130e+01
1.303139169493174165e+01
1.305877859682364317e+01
1.304639667800233305e+01
1.304162451577601445e+01
1.304747972771191833e+01
1.303743821583699969e+01
1.306862808606362236e+01
1.304945754740850816e+01
1.305096619724336016e+01
1.303973903979044735e+01
1.304395617194128576e+01
1.304712692732808499e+01
1.307363474241902068e+01
1.307512210975283473e+01
1.304780909099204678e+01
1.305877847799871816e+01
1.306617098986320435e+01
1.306498670163357900e+01
1.305686506033772076e+01
1.308171611149213120e+01
1.306130594214147322e+01
1.303987239727053016e+01
1.305463663553909548e+01
1.308261162720269510e+01
1.304377628111184606e+01
1.307817807712220315e+01
1.304646898877746075e+01
-4.005321111233630660e-01
1.303611387706468605e+01
1.305117793049594610e+01
1.303639197315822429e+01
1.307424736876012616e+01
1.303981858835874341e+01
-4.701307761279569508e-01
1.303982444224385873e+01
1.307162324582269619e+01
1.304814366434054662e+01
1.304808233366079229e+01
-4.471978627165743569e-01
1.303706918625985622e+01
1.306238525216746815e+01
1.303526628862051950e+01
1.306846482546635890e+01
1.304536046637423041e+01
1.303356570057579056e+01
1.304348363941812039e+01
1.303578534371028042e+01
1.304347329348018647e+01
1.304244643486207877e+01
1.307596054071100333e+01
1.302714546208644464e+01
1.309954087887277652e+01
1.308505282254117930e+01
1.305883197470102708e+01
1.304551391750364786e+01
1.305463911869289184e+01
1.307856170862627110e+01
1.307495104770905314e+01
1.303067948100730788e+01
1.305457502789333546e+01
1.306642738617162891e+01
1.310160544214424760e+01
1.299176771352521165e+01
1.306723166495554267e+01
1.303044516777305795e+01
1.304411708864346053e+01
1.303988758684911176e+01
1.304955495477820904e+01
-4.452576467812368044e-01
1.304656905639053832e+01
1.305080779088978815e+01
1.306178579915266802e+01
-1.374226089079011448e-01
1.305967767251074640e+01
1.303974905467229206e+01
1.308814405824347027e+01
1.307577924465331698e+01
1.307436407039184090e+01
1.304760472211249756e+01
1.304499338829025490e+01
1.304876553458298716e+01
