4.862992929254112084e+00
4.897172412222744242e+00
4.870340422960774518e+00
4.899967839237955758e+00
4.923322073909403684e+00
-1.297175957041598160e+00
-1.628723873991291482e+00
-1.084467684709299551e+00
-1.858931789002852053e+00
-1.452133127355772046e+00
-1.410512161324350533e+00
-1.189956612567600214e+00
-1.462412847591646470e+00
-1.140829932417038339e+00
-1.292927165676396095e+00
-1.558076298453605180e+00
-1.363762908307275534e+00
-1.492339719733386527e+00
-1.391767184566557791e+00
-1.124281169154568882e+00
-1.045169364041462989e+00
-1.344509835611169546e+00
-9.391455130552730513e-01
-1.298282944661078631e+00
-1.015453516374900556e+00
-8.967461489886354720e-01
-1.273932988312178161e+00
-8.909369718458119980e-01
-1.283782981314508298e+00
-6.994561504495329096e-01
-1.337337544207020334e+00
-1.500560865721440873e+00
-1.624065132531591793e+00
-1.525046427516947745e+00
-1.302787741729857007e+00
-1.308384540538874541e+00
-1.853984854078590150e+00
-1.490622755369258146e+00
-1.609901272374840042e+00
-1.436008912467681142e+00
-1.812945792852866056e+00
-1.307954917447519794e+00
-1.337537378813727473e+00
-1.297504925509489260e+00
-1.288346684404151787e+00
-1.296884543190703010e+00
-9.843013662182703571e-01
-1.368065046602657153e+00
-1.071007907180596463e+00
-1.789815903758578131e+00
-1.191902660346774390e+00
-1.814858475010793226e+00
-1.401228709541921802e+00
-1.558758593911481416e+00
-1.121533303953391458e+00
-1.589442574007253750e+00
-1.331685976765429658e+00
-1.142111863336455757e+00
-1.361610940107200074e+00
-1.331464529382979878e+00
-1.286516990023759188e+00
-1.384468340965835598e+00
-1.515603084244381726e+00
-1.326618343833803282e+00
-1.677281396162270344e+00
-1.556222331987934915e+00
-8.550974098610628626e-01
-1.491634090156393588e+00
-1.391217490640729082e+00
-1.366283899671196123e+00
-1.312647351549620423e+00
-2.069555599118464428e+00
-1.553510374051835896e+00
-1.409371192601660105e+00
-1.430286550127666922e+00
-1.194022966161841559e+00
-1.309556636348590652e+00
-1.290472352170198622e+00
-1.130155893371545650e+00
-1.433443943595060110e+00
-1.687436965558221313e+00
-1.274163657468055488e+00
-8.268736434954837566e-01
-1.282860597472661013e+00
-1.014630024044962608e+00
-1.275090704342821235e+00
-1.460000496587237073e+00
-1.286332440799182963e+00
-1.330992918973837869e+00
-1.236712370682266471e+00
-1.236747661785047026e+00
-1.292466504896198742e+00
-1.582353704685451667e+00
-9.172624023799547111e-01
-1.490365901793445635e+00
-1.312303100226245967e+00
-1.425791244647082179e+00
-1.283803041699945080e+00
-1.376615779587180066e+00
-1.311700531483850352e+00
-1.176747616084233838e+00
-1.397896733740261022e+00
-1.390503122743860231e+00
-1.440262041254761982e+00
-1.310629638589394741e+00
-1.400079764577273345e+00
-1.279763669945341409e+00
-1.014059846401144105e+00
-1.208499160837521069e+00
-1.382138543630234473e+00
-1.114251573005151208e+00
-1.345844983554275398e+00
-1.675810830307117527e+00
-1.156199685291315005e+00
-1.358481714473792845e+00
-1.715890751995769792e+00
-2.062302624144462193e+00
-1.957993066541924732e+00
-2.633130381793262753e+00
-2.141988998710888659e+00
-2.713169633426169902e+00
-2.197086969909180620e+00
-2.193688149732496040e+00
-1.628574173634016908e+00
-1.770142570750773858e+00
-2.091523234131674958e+00
-1.911148093159337424e+00
-1.950161152888427285e+00
-2.264519535441380071e+00
-2.075268301686069350e+00
-2.064133331623059231e+00
-2.325894502392124696e+00
-1.952080866993460617e+00
-2.570201204505877079e+00
-2.366678666897574779e+00
-1.996566157833154609e+00
-1.989173770423491305e+00
-2.668477905670203931e+00
-1.776931947834679004e+00
-2.946721471192637054e+00
-2.202125281469703655e+00
-2.484983480333368799e+00
-1.528820286491411773e+00
-2.017407005911361573e+00
-1.933767601795034263e+00
-1.855624290774339213e+00
-1.962820881659728345e+00
-2.565344857408208945e+00
-2.330112618226215737e+00
-2.167467806575927636e+00
-2.117538345091151797e+00
-2.349831848627085940e+00
-1.728621561158030673e+00
-2.534569741798606834e+00
-1.336946541406114353e+00
-2.220056820340517323e+00
-2.141744200823682664e+00
-1.417608204359241508e+00
-7.208634540553435777e-01
-5.338611591297184322e-01
-1.094340231151752940e+00
-8.182774789357990519e-01
-6.999397902264603566e-01
-6.479499004891362546e-01
-6.506088480341161162e-01
-5.404447729054205896e-01
-1.311912377962547671e+00
-9.519791331708117310e-01
-7.773917253165179009e-01
-8.094646801453135865e-01
-1.694554108394275227e+00
-1.534009792705935515e+00
-9.421537553201126958e-01
-1.197540095209249200e+00
-5.072481312569407930e-01
-6.771525451325111078e-01
-4.686498754530905586e-01
-7.338929826947631074e-01
-6.704859525211681603e-01
-7.548905911613457143e-01
-9.797521973821851082e-01
-9.683717388031277684e-01
-6.861636563318513904e-01
-1.196951147304885499e+00
-8.522896477547087235e-01
-9.597678187925596793e-01
-1.219473745367930073e+00
-1.101927283220607956e+00
-5.007457453357044841e-01
-6.675230199033119760e-01
-6.385910694523753151e-01
-1.372941946392187695e+00
-6.264804415971748641e-01
-8.304514991678866309e-01
-1.218523143173324108e+00
-1.120428543588705139e+00
-1.087439962848140595e+00
-1.366283171713876810e+00
-1.098594793552368554e+00
-1.487908879120701799e+00
-5.182026000559782908e-01
-5.113692535215470514e-01
-7.390829918910402085e-01
-8.454439604701207145e-01
-7.390536737444473037e-01
-9.679520617778080149e-01
-4.984063622074795807e-01
-8.002729525318451609e-01
-1.096126837927386966e+00
-7.866803443453392886e-01
-8.259736687013786716e-01
-7.066231142983137037e-01
-1.080368166635429450e+00
-6.285675987353331884e-01
-7.061732008514608472e-01
-1.114289949248121747e+00
-6.796519766717723510e-01
-1.024695683351742659e+00
-1.025656124746041620e+00
-6.478640005349223241e-01
-1.114309432774564623e+00
-5.439993177960784632e-01
-4.855513882875037712e-01
-8.266001748846627528e-01
-7.882915492227404730e-01
-7.452466691677734900e-01
4.724221049510335391e+00
-5.556741162316704008e-01
-8.565472671661576998e-01
-5.342476020959987526e-01
-6.388056467511248337e-01
-7.598464636296430319e-01
-1.355313048253588448e+00
-7.067559467579135335e-01
-8.155507632342970936e-01
-1.070185244583762074e+00
-1.018377043918376135e+00
-6.306333367824833447e-01
-6.858141381142717208e-01
-7.332863514989469422e-01
-1.599202530171628389e+00
-1.813297754410716500e-01
-7.771902323698239856e-01
-4.929323590837254576e-01
4.868775017936856742e+00
-7.629186874695957910e-01
4.920066404238205848e+00
-4.907613908557846294e-01
-2.436873873032334714e-01
-5.287532940438706142e-01
4.877153773314420349e+00
-4.476943565644220246e-01
-2.736340892683858383e-01
-6.066594471427335655e-01
-7.735720405215373852e-01
-2.160062220101978125e-01
-5.357168513593255632e-01
4.898570711236529540e+00
4.895759863556836677e+00
-1.356918660491366335e-01
4.849411746659924916e+00
4.932118652190402130e+00
-7.830904084912122531e-01
-7.434507950711497504e-01
-8.009021474763151627e-01
4.882813324783978892e+00
-2.961986411483741310e-01
4.865215372361058499e+00
4.900521804988280827e+00
-9.000634313285366117e-01
4.784945312118654925e+00
-7.264854061114188744e-01
-7.355549415830289206e-01
4.892799588875151429e+00
-7.716419167389494405e-01
4.894488390203584061e+00
-7.085738824958498494e-01
4.919344093154919939e+00
4.935471560949446612e+00
-7.690749716184110962e-01
4.876964349386021524e+00
-7.781278888447702435e-01
4.756084399763279791e+00
4.930968065157836477e+00
-7.650277108220908673e-01
-7.423162216426493210e-01
-7.623800870164227916e-01
4.947668753133061870e+00
4.926575679351580916e+00
-7.373601823454964954e-01
4.728545221341891924e+00
-7.412961319852013897e-01
4.875693031868164162e+00
4.901363684615116512e+00
-6.516981665808602164e-01
4.902433199064754277e+00
4.895615785388489627e+00
-8.523732799458298981e-01
-6.094567655125344707e-01
4.865197676998460175e+00
-6.197218674653441894e-01
4.883379245486059617e+00
-7.682929091420385159e-01
-8.511196973767758411e-01
4.895981526942170703e+00
-5.848284799137096757e-01
4.889592497255952352e+00
-9.119133081512343919e-01
-9.654316575620510710e-01
-1.020470494437079045e+00
-7.874704255755153870e-01
-9.104072294502632001e-01
-4.388513216406689788e-01
4.890467231667660286e+00
-4.087542002333617308e-01
4.853024605956903770e+00
4.904479299637927170e+00
4.920867281129757131e+00
-4.220987461291746401e-01
-8.750759468001159114e-01
-7.728551915050758669e-01
4.892096207335131730e+00
4.935619313057096669e+00
4.962117097643199415e+00
4.879772706983244390e+00
4.848039653503127155e+00
-7.898132553348815588e-01
-7.039130458501943188e-01
-6.250023066063057353e-01
4.907753236460177249e+00
-7.694096575310224173e-01
4.882105100500687911e+00
4.921019127088992029e+00
-8.539443406094047173e-01
-8.193463206583305736e-01
-7.797250756960638629e-01
-7.730840553376856494e-01
4.828760293258332226e+00
4.866922103032296221e+00
4.953143439735738340e+00
4.936477545663616517e+00
4.872801750640306295e+00
4.886148710090874481e+00
4.896643496575524779e+00
4.924665844426334260e+00
4.878971119283783686e+00
4.912157426690558992e+00
4.862640758444014111e+00
-7.781161260814257741e-01
4.845942165259618406e+00
4.915778301736480671e+00
4.851533034812092637e+00
-5.849605790492349300e-01
4.894408477921299294e+00
-5.492396148854643556e-01
4.939152371319641688e+00
4.939307548167286122e+00
4.873566720279400855e+00
4.927540073076838389e+00
4.900962832381932088e+00
4.800214152538435641e+00
4.863950839901735712e+00
4.841896713665792440e+00
4.948823219858343947e+00
4.887285406800840448e+00
4.915516912244112468e+00
4.810010729282075737e+00
4.892284857768469664e+00
4.826657873686679423e+00
4.892484196614088177e+00
4.869925732298415966e+00
4.808202136184709374e+00
4.837932664382204706e+00
-5.240084499701704868e-01
4.907021605868997938e+00
-4.745305607379199930e-01
4.918747113023289153e+00
4.939832565262300079e+00
4.877339909291883657e+00
4.914072251954924475e+00
4.810939766438885989e+00
4.868815460551938479e+00
4.896999242618977455e+00
4.881067511403244907e+00
4.831356318329540045e+00
4.903065358888856196e+00
4.935225379845024740e+00
4.932856013992508615e+00
4.955897763465561212e+00
4.876042216329032897e+00
4.880126522800942723e+00
4.897467347289943262e+00
4.844507996280038142e+00
4.917588205136992130e+00
4.818959126782512925e+00
4.838909876866946291e+00
4.928563858583590473e+00
4.919011086412310441e+00
4.967709286168439320e+00
4.875578256569270685e+00
-5.142019852211696662e-01
4.915926176909517054e+00
4.829487465960375481e+00
4.836992941821243619e+00
4.906877170308091785e+00
4.849846583184353577e+00
-3.272844200643066914e-01
4.936659699105026888e+00
4.907042653775823382e+00
4.914552767568807212e+00
4.889020400522926302e+00
4.942387612085928694e+00
4.912568749194157647e+00
4.858045663147426474e+00
4.964702839875796414e+00
-4.642444836941219677e-01
-4.887541680586832138e-01
4.873612845874294663e+00
4.899902580649699857e+00
4.882792627475022407e+00
4.816696185515414896e+00
4.897771239060803694e+00
4.894324610783483465e+00
4.874737995637795862e+00
4.938322602703136610e+00
4.780730003196081768e+00
4.915805623626264165e+00
4.828983806767231712e+00
4.718675123353847312e+00
4.934691951245930852e+00
4.941468329017866701e+00
4.871294341128232119e+00
4.900707318982869154e+00
4.939078260463436010e+00
4.951853880291514187e+00
4.935758272327958274e+00
4.905158896536073954e+00
4.926287844865258947e+00
4.941252121065216052e+00
4.901307273167086365e+00
4.897151506323075942e+00
4.867579774701098927e+00
4.901752963032480537e+00
4.884207607702766296e+00
4.856998908564957418e+00
4.945744660563589079e+00
4.870999440753833731e+00
-7.892416356046976222e-01
4.872788520732538764e+00
4.910294695099698181e+00
4.851766465538586814e+00
4.890424783634519379e+00
4.914983178251842943e+00
4.932946756346849426e+00
4.874390113160404603e+00
4.892989770888790169e+00
4.906726737680805250e+00
4.893308908451260208e+00
4.949438642895877649e+00
4.916209013025930830e+00
4.889949613299460651e+00
-7.589657003802422475e-01
4.912349696762979612e+00
4.857976511203023762e+00
4.891884008847088516e+00
4.914105734931679237e+00
4.889334824958134540e+00
4.924138033119787039e+00
4.767619017526941505e+00
4.938333903337598585e+00
4.880219006054556274e+00
4.891333600391192249e+00
4.955491326251254769e+00
4.865900490651776877e+00
4.873457748091539976e+00
4.895608474208133387e+00
4.914539143681325939e+00
4.889804317757160845e+00
4.873527707725813229e+00
-7.756185814758245201e-01
-4.623427311520479366e-01
4.896667340420858494e+00
4.855396869052627906e+00
4.891127419407943933e+00
4.865223969507987967e+00
4.828025143298763311e+00
4.937179271250114354e+00
4.906966733920110180e+00
4.845046075325508461e+00
4.917958435006332785e+00
4.847070748552480879e+00
4.880144650989753252e+00
-2.911587828319445181e-01
4.794472538035055464e+00
4.903624474627537033e+00
4.905714363771489062e+00
4.925408126321054070e+00
4.897077629326412662e+00
4.891559647118779885e+00
4.869777398803014634e+00
4.883615986308963208e+00
4.931337863434825053e+00
-2.524443568897494217e-01
4.923301115347110013e+00
-4.680724478126510046e-01
-5.152160999193002855e-01
4.911583731540607012e+00
4.904403439135249343e+00
4.899117551331253928e+00
4.858144297032456649e+00
4.806469960445932443e+00
4.899016643986209729e+00
4.857151582872443640e+00
4.947449870223910473e+00
4.871950213934127305e+00
4.808953929422072449e+00
4.870899635454019716e+00
4.932425411492392442e+00
-2.678239798350092737e-01
4.886424529201825351e+00
4.866861658319085571e+00
4.877653577306750421e+00
4.870174684688779010e+00
4.917086600248586237e+00
4.891416374712853177e+00
4.893749096697881384e+00
4.901884277965557146e+00
5.835862082138901563e+00
4.898450264636091234e+00
4.860592791310904381e+00
4.888733970633401427e+00
-5.000838979632540315e-01
4.905822367007571572e+00
4.864020352950809922e+00
4.924924470448658553e+00
4.953362925302004172e+00
4.967469294834358173e+00
4.872975083162411458e+00
4.878214707026706343e+00
4.919710238724533724e+00
4.895397128344432858e+00
4.911005435876141689e+00
4.885925379794107570e+00
4.908468152508462801e+00
4.890556792240987605e+00
4.907750456681798212e+00
4.926658456400346608e+00
4.895014316433332624e+00
4.935166020440397538e+00
4.912086507596527873e+00
4.915623611641095181e+00
-4.912289014310097235e-01
4.922810023385975065e+00
4.892113175141604486e+00
4.926778274803789159e+00
4.968583280717143502e+00
-4.227799066051483035e-01
4.921820755436901784e+00
-4.576261350330362854e-01
4.890948844127239070e+00
4.935517887675757720e+00
4.902173266831096221e+00
4.913739110068378935e+00
4.935257815629255695e+00
4.909824324120179107e+00
4.914672655817903468e+00
4.924607292163983630e+00
4.878443094405050751e+00
4.879400401558059208e+00
4.918680312517484943e+00
4.922911861470380401e+00
4.902916789264793351e+00
4.916514831877026204e+00
-2.081005317059589910e-01
4.966433294737424120e+00
-4.678902860472013980e-01
4.914472898563488457e+00
4.961580874637768090e+00
4.886449583414260722e+00
4.945524623630550565e+00
-3.973638698988629647e-01
4.942374913973398343e+00
4.898695132295030064e+00
4.928123173742222640e+00
4.931702097287375963e+00
4.894699449892086385e+00
4.891299364716411802e+00
4.884274373364384303e+00
4.941315422871430663e+00
4.921728734095108138e+00
4.917693290779602933e+00
4.894335612212250552e+00
-5.121354737580040561e-01
-4.812116016140131070e-01
4.896309224519308501e+00
4.941985362303902285e+00
4.917256431662652361e+00
4.937812232477985397e+00
4.874254853786394115e+00
4.944415957066735423e+00
4.870038389865516848e+00
4.869963880272082157e+00
4.938649102528374080e+00
4.926672448598136356e+00
4.907256200031916649e+00
4.877715517449759730e+00
4.921597362898757488e+00
4.937379940865456618e+00
4.823844001726247832e+00
4.895950578909222806e+00
4.908286250128664818e+00
4.931348937582357372e+00
4.900793477697819256e+00
4.915021592288529639e+00
4.901862809757129291e+00
4.891704735882498767e+00
4.958734289232756609e+00
4.971164601807650740e+00
4.910170018285343829e+00
4.915558519671365367e+00
4.884077482869354725e+00
4.925563512219291340e+00
4.933848309134337029e+00
4.927965545033281103e+00
4.921141225393578900e+00
4.911346282192106116e+00
4.929464015245563324e+00
4.889654339386875215e+00
4.932696389061460351e+00
4.916124106539413674e+00
4.899383389261243948e+00
4.913811528972996001e+00
4.958840729935603875e+00
4.935046545463251277e+00
4.955082453625941241e+00
4.934634177450522685e+00
4.868453150715998490e+00
4.919900170348443069e+00
4.899546690537925464e+00
4.917809986508665077e+00
4.865895721153590259e+00
4.947488782270147212e+00
4.893395145563058435e+00
4.905075561689116626e+00
4.912005411759917450e+00
4.910159521436160190e+00
4.963107596913486574e+00
4.927457229230275182e+00
4.925322928161257607e+00
5.762185624880551416e+00
4.784081395974231654e+00
4.901334417893373541e+00
4.854071191897443072e+00
4.940199423354668440e+00
4.950803431712795799e+00
4.812689916803050139e+00
4.849496775647974545e+00
4.936475781701801679e+00
4.929738583379092098e+00
4.909695633481414134e+00
4.948791513185300417e+00
4.941661321044239052e+00
4.945723759233796812e+00
4.927859184715771335e+00
4.969062258520611230e+00
4.894262874560054932e+00
4.890213048257647799e+00
4.939672929030116677e+00
4.931126191861115338e+00
4.922027323226248363e+00
4.893078981033301744e+00
4.917283713888036090e+00
4.941267916325924325e+00
4.937047302471949450e+00
4.916989486525321418e+00
4.909791938978229631e+00
4.903655859284771878e+00
-1.039400861785424679e+00
4.854260355443440034e+00
4.923596863973656035e+00
4.906258796733313332e+00
4.933531531492302058e+00
4.927429105172764778e+00
-8.068521715502412484e-01
4.936155020981336072e+00
4.920043132852946144e+00
4.928257129392349611e+00
4.928196309185267410e+00
4.929005433454189955e+00
4.880426982755069254e+00
4.902882891125129206e+00
4.941204291272182303e+00
4.911082810202374915e+00
4.931334564058772685e+00
4.926783665078012575e+00
4.884115729238355463e+00
-7.131310022373855695e-01
4.930598345107280345e+00
4.961773500795358061e+00
4.903031343852674695e+00
4.927364073563203384e+00
4.939278452344970205e+00
4.863175025983270672e+00
4.911810278648323091e+00
-8.213264647486212544e-01
4.936863332119331815e+00
4.907997426655738238e+00
4.924291588387188057e+00
4.951060770155478963e+00
4.938535540900419463e+00
4.927043046741121479e+00
4.937199250614661139e+00
4.892397357186938578e+00
4.875862374217115658e+00
4.895899089233346935e+00
4.912103941162708765e+00
4.894761652301364840e+00
4.938315678857359003e+00
4.894448860104607668e+00
4.911906720657145620e+00
4.918613796757099088e+00
4.910364447383951614e+00
4.922492545586930390e+00
4.818602700764708757e+00
4.801090267389105826e+00
4.823125052522568623e+00
4.914681418927541401e+00
4.847278572794792240e+00
4.908207260622937440e+00
4.878502631606295381e+00
4.887681716200103388e+00
4.960052325810794471e+00
4.887485790443047762e+00
-8.628862099462131230e-01
4.832363873852401071e+00
4.883111541450956494e+00
4.946414582115553848e+00
4.953377302072819788e+00
4.867083139187307950e+00
4.947116430511152352e+00
4.935882248439428466e+00
4.916593402606871166e+00
-5.208663274507017160e-01
4.917647922225842905e+00
4.911672439922577738e+00
4.908816466193642647e+00
4.884032379010121439e+00
4.903232796140425620e+00
-4.366690009141483975e-01
4.901687640959752734e+00
4.900047553555845425e+00
4.924823051843183030e+00
4.904930468825881462e+00
4.909711739145919296e+00
4.934676594198792010e+00
4.921116305037640082e+00
4.853037909641240155e+00
4.938817756671591397e+00
4.887463829918191394e+00
4.893025851151121763e+00
4.941295626395764806e+00
4.905078355641928844e+00
4.919102256017198194e+00
4.871018624399104269e+00
4.870997861252602590e+00
4.908625561205476551e+00
4.861969956446881014e+00
4.923454045455054384e+00
4.949049757046955378e+00
4.871788660575027130e+00
4.806602051351791971e+00
-2.532875398306292380e-01
4.931825749640832868e+00
4.931144371932415282e+00
4.927985310945912190e+00
4.910923164736781033e+00
4.853344243949569758e+00
4.937098091294376268e+00
4.890497703880843261e+00
4.904653753086599899e+00
4.803769036317387275e+00
4.907087595263028845e+00
4.940697708616183625e+00
4.721847178925954402e+00
4.863090829936410842e+00
4.943141135758901683e+00
4.894116987140979980e+00
4.895704800266156731e+00
4.928458788518027767e+00
4.840061849173745046e+00
4.855777454044657659e+00
4.929415085880266112e+00
4.918560170162263212e+00
4.944659005603197599e+00
-3.851137013164007694e-01
-5.224291905332899555e-01
4.879093835260110978e+00
4.841467381175938556e+00
-8.177586420559848079e-01
-2.931153699967027348e-01
4.886377016818805430e+00
4.918093606670400852e+00
4.946409901053955949e+00
4.899602619073260890e+00
4.919111974824137867e+00
4.901618408283858308e+00
4.908355004663668808e+00
4.865615806652755282e+00
4.894426301386026523e+00
4.893530588074918697e+00
4.859750245434622862e+00
4.899849512854212108e+00
4.885269666377385356e+00
4.947358051966784132e+00
4.933194757426753618e+00
4.718396011353474861e+00
4.872325330771964502e+00
4.874546810155433008e+00
4.860259097876586054e+00
4.817854620689297818e+00
4.937678072830557596e+00
4.937087934437020209e+00
4.872757486440715269e+00
4.691691398634313614e+00
4.904100342374428045e+00
-5.614584714446980707e-01
4.902972948847422074e+00
4.930229967972678651e+00
4.900838086516056791e+00
4.915009887700199975e+00
4.871565390949505137e+00
4.900482711270158553e+00
4.923936442451977591e+00
4.879977454284438743e+00
-5.570259161125084013e-01
4.936783991827438101e+00
4.925571687229680862e+00
4.913648776235376658e+00
4.907006021474607849e+00
4.948674105176145588e+00
4.901788673469166469e+00
4.877588830050275881e+00
4.929633031757864714e+00
4.926614357162073077e+00
4.935372781333525083e+00
4.900460402998954024e+00
4.917593825590310885e+00
-3.132063843240655565e-01
4.908197466905367179e+00
4.860554322924574677e+00
4.943730467394871653e+00
4.910384063881974903e+00
4.889128262414516257e+00
4.946765827605515753e+00
4.903066427964846596e+00
4.855475306075881292e+00
4.901023964294957125e+00
-4.259658001143346029e-01
4.906579721858442156e+00
4.891983451567028851e+00
4.906647123318200521e+00
4.764828478132086431e+00
4.933707201287671040e+00
4.832365999198641404e+00
4.914727630872788744e+00
4.894325165778903752e+00
4.874480426917040532e+00
4.866923779606287859e+00
4.877675430556265290e+00
4.876182551062032466e+00
4.910887385558046603e+00
4.925875982272087228e+00
4.919925930406293446e+00
4.862578816322288944e+00
4.920231779811623518e+00
4.945667420369609601e+00
4.907246317823265258e+00
4.953270103550701187e+00
4.905576299521104744e+00
4.891025784306776814e+00
4.941455520665899215e+00
4.941261936313036784e+00
4.943228023497017176e+00
4.907391358087590305e+00
4.940051227880706719e+00
4.916951520029765987e+00
4.946120769303386844e+00
4.948831567040467228e+00
4.918453474850196905e+00
4.882478719808734269e+00
4.864176377582775324e+00
4.913798906794568211e+00
4.913732961863446214e+00
4.838974803138829550e+00
4.920080829582506254e+00
4.895379333666400434e+00
-5.059125323342900105e-01
4.913379583392721628e+00
-8.212548028040106418e-01
4.914139268621386947e+00
4.920189418958182515e+00
4.924115776170586045e+00
4.960385370102970981e+00
4.925290403758070923e+00
4.937267783034057445e+00
4.929077326209013066e+00
4.952184523049386833e+00
4.915123977318645920e+00
4.964404560582464931e+00
4.961035266058553717e+00
4.927721170591269129e+00
4.943435598368093764e+00
4.936382168851166874e+00
4.966447160722845311e+00
4.831194438354710741e+00
4.931793332162455634e+00
4.874088776366519049e+00
4.933426131653588342e+00
4.886706061329680217e+00
4.944201425857974286e+00
4.924545965753038601e+00
4.916951865081621520e+00
4.873109113211795851e+00
4.897430552715585250e+00
-5.213351171504518877e-01
4.916352893467061946e+00
4.891646881484994935e+00
4.880802673733232844e+00
4.880578523888206455e+00
4.868108137681640635e+00
4.921184855679053172e+00
4.914997527742822392e+00
4.891793422829510796e+00
4.930038089980689264e+00
4.924399036033205057e+00
4.913312682732314585e+00
4.882325788855744975e+00
4.915324794164142475e+00
4.963744548235459852e+00
4.938748330138979625e+00
4.883670799617023661e+00
4.907301018730517050e+00
4.873096340303315621e+00
4.901694869217022799e+00
4.877559261188332940e+00
4.932311094160713338e+00
4.896956148668516029e+00
4.914680628789755090e+00
4.906911670654761082e+00
4.932468345392784670e+00
4.943922827222454686e+00
4.836681130525812833e+00
4.943776386195716910e+00
4.954802083563095927e+00
4.912751168441693572e+00
4.931776387306120668e+00
4.871290227172378806e+00
4.891757838346258325e+00
4.885842450912759816e+00
4.845414426198895619e+00
4.947006313107105591e+00
4.847955291873586425e+00
4.914294835993198163e+00
4.864344950149331659e+00
4.928874201048225601e+00
4.874965167394047505e+00
4.901720297254777314e+00
4.898511651515648602e+00
4.892233408019181162e+00
4.914552000628420458e+00
4.853609442649003292e+00
4.928308477580765512e+00
4.968655531918649615e+00
4.947001757756916085e+00
4.942783845499145734e+00
-2.910663357315441679e-01
-1.076804295891589547e+00
4.832658586532136979e+00
4.889544856612778823e+00
4.954675161101565806e+00
4.964666785826556072e+00
4.903108502671757130e+00
4.919701881643133490e+00
4.919572588123199530e+00
4.935067831601974042e+00
4.915976911977724129e+00
4.909266381707317883e+00
4.919078546196226753e+00
4.827456303424182416e+00
4.897892892655320907e+00
4.880948098478562258e+00
4.967235557903107335e+00
-4.182977951185415932e-01
4.941367628159719416e+00
4.931828034606563271e+00
4.916955991571215989e+00
4.921181911830164069e+00
4.912566875420034229e+00
4.871027585887510725e+00
4.922586457907206281e+00
4.829548467410848644e+00
4.886958533186337661e+00
4.924853742039919879e+00
4.892562140902897205e+00
4.940526683766572447e+00
4.908214157601110017e+00
4.957197177265157073e+00
4.951475017788701471e+00
4.926254331398495445e+00
4.919259963826544180e+00
4.903278516008219512e+00
4.925763440253700942e+00
4.914013693924564663e+00
4.860707140827940975e+00
4.897140759113897346e+00
4.855028680169168886e+00
4.899176020880236848e+00
4.934132069983105495e+00
5.874603456860776340e+00
4.904591245673927347e+00
4.910360589904273709e+00
4.902775018362000026e+00
4.866345151728945773e+00
-4.764967395623016522e-01
4.899381142936180211e+00
4.913487068215316889e+00
-4.927835830346394275e-01
4.876734342584712500e+00
4.877082525938885915e+00
4.908475373550970744e+00
4.918743595179480010e+00
4.962967921247093628e+00
4.929399656034059163e+00
4.955543118092952781e+00
4.896895198025879026e+00
4.882832662823735959e+00
4.854657472663470585e+00
4.898634305426547542e+00
4.771523846683584757e+00
4.928694548658405949e+00
4.910102244856703990e+00
4.905785838248261754e+00
4.883450047808866046e+00
4.906905698503615909e+00
4.937778454533052752e+00
4.940428198095810686e+00
5.854103735633401584e+00
4.893471506566461571e+00
4.924642260756998624e+00
4.898003491941416598e+00
4.930207717273654922e+00
4.885029520290848026e+00
4.890069628955059144e+00
4.910917007033462234e+00
4.867035808395741014e+00
4.911818446414186745e+00
4.852011296756252534e+00
4.855528656677313037e+00
4.917275783603800576e+00
4.933764524785275718e+00
4.941524174209620313e+00
4.939280500340661462e+00
4.940932370469478307e+00
4.965486696789088938e+00
4.825367441224727827e+00
4.942600932410732284e+00
-4.754917441385472232e-01
4.899734588576659888e+00
4.909304071204203979e+00
4.891970210635310679e+00
4.886371679166433779e+00
4.937842855001892239e+00
4.940427265485031860e+00
4.909555159188676576e+00
4.875959029816737456e+00
4.940527508289369152e+00
4.868112476018426449e+00
4.939243754483808146e+00
4.956627049962827769e+00
4.942707227798242897e+00
4.927164789202853612e+00
4.928749228199626131e+00
4.931481470182687232e+00
4.894280623851285483e+00
4.930540355316860079e+00
4.867224366026964510e+00
4.934474306313289205e+00
4.897588880438268788e+00
4.926821918617870111e+00
4.911639381159394802e+00
4.904857556558008369e+00
4.892364887426259301e+00
4.930355755785763350e+00
4.828898885585427792e+00
4.915705710530421158e+00
4.923102381576643261e+00
4.905241043215371022e+00
4.922018597391238259e+00
4.818580858759773378e+00
4.903347153058943420e+00
4.910660871973416164e+00
-7.211598804015874054e-01
4.876397263352869160e+00
4.925831977045874943e+00
4.913520814776182632e+00
4.903398532802503595e+00
4.882628562576128317e+00
4.884084688991450207e+00
4.873266373083269265e+00
4.887656874683415253e+00
4.869437604460094882e+00
4.868235825445555776e+00
4.901793670246329171e+00
4.894554947135576484e+00
4.889227026203476711e+00
