-8.746254392831300795e-01
-9.740153830855531325e-01
-9.277895007932770444e-01
1.539171436693420603e-02
-1.282797916223187951e+00
-7.614402154123703914e-01
-1.870651765826427393e-01
-7.967141578529031154e-01
-1.251586309303594380e+00
-1.060025106727011002e+00
-8.507490278344342904e-01
-1.255678843328324579e+00
-1.273431951254803796e+00
-7.073484195420649545e-01
-4.388817295692840070e-01
-6.913082468611433384e-01
-1.198058997966371386e+00
-1.403709515637807215e+00
-1.373709310835712349e+00
-1.311217672478250718e+00
-6.203197617398449326e-01
-1.619199863251783000e+00
-6.715117243817856352e-01
-1.256843857775876039e+00
-6.669778039680152038e-01
-1.619175416121448663e+00
-6.545266366677995329e-01
-6.882972999093036615e-01
-1.137309827597126510e+00
-6.752179734941562428e-01
-7.588234351223972496e-01
-7.456088493607200274e-01
-4.593337294755160949e-01
-2.800403895796158560e-01
-4.801197754753671054e-01
-3.457396276359157028e-01
-7.086246026321652014e-02
-2.057390013411143359e-01
1.307185759734499619e+01
1.303437379223884562e+01
1.303813056237661350e+01
-9.279235930911167163e-02
-3.846736296078060446e-01
-3.957675811464896887e-01
-4.183422692817752031e-01
-5.919846928526727448e-01
-4.318305149934231757e-01
-6.108221458145105531e-01
-4.390190320772133781e-01
-2.591078527613183136e-01
-8.787901486398952411e-02
-1.225926575615285063e+00
1.299751767615946108e+01
-3.204021934635001845e-01
1.305698922024745556e+01
1.306508654237428679e+01
1.303684069467764672e+01
-3.785791816841662660e-01
-4.177022127212011160e-01
-4.029639658680990166e-01
-5.348365286143226260e-01
-8.811339381994498510e-02
1.304233587581994591e+01
-1.008936576244190420e-02
1.306604247951665698e+01
1.303784089495391640e+01
1.305267578881159451e+01
1.403490122085836944e+01
-9.635089371271687853e-02
1.306032864341577948e+01
1.304774535264876434e+01
1.304008071507348276e+01
-1.583327552449393938e-01
1.304219229892414766e+01
1.305798353761062636e+01
1.305176445739366287e+01
-3.964326385581884438e-01
1.305177760959842637e+01
1.307293318993600018e+01
1.304560590132711972e+01
-8.954045168468260929e-02
-7.981770424906450279e-01
1.306855656037195956e+01
1.304891468360649753e+01
-6.431599826174083656e-02
1.303837277232304537e+01
1.305664136257051666e+01
1.303558345773517857e+01
1.308984100887139945e+01
-4.293397973146750868e-01
1.306095622175928916e+01
1.306404495244084885e+01
1.304381418319876573e+01
1.303896889424416017e+01
1.305334156837188964e+01
1.305068926721129863e+01
1.309258054327812992e+01
1.305368062223001502e+01
1.304388337556611788e+01
-6.638622205494060236e-02
1.306187756646587061e+01
1.304955403370668776e+01
1.305113688191470800e+01
1.304487416072243811e+01
-3.336985505680549746e-01
1.304911875065700855e+01
1.303232417510180952e+01
1.303616708987056327e+01
1.304033459825955354e+01
-1.909151956994366017e-01
5.932992160233265810e-01
-1.261278089462712915e-01
-4.903999265361302928e-01
-6.150577473656593241e-01
1.304536349809308149e+01
1.305588475111350810e+01
1.304497332684084121e+01
1.306060260489364566e+01
1.304834610826025454e+01
1.306878357807688218e+01
7.313213244330069029e-01
-2.273947873405723907e-02
1.403473884397435967e+01
1.405661522410343878e+01
1.307567122348877042e+01
9.524010589467196697e-01
1.302710827749032596e+01
1.305085002850004017e+01
1.305559140555836706e+01
1.303830792402710159e+01
1.303921030294779726e+01
1.303406805677490610e+01
9.471633318771158772e-01
1.303536464506022519e+01
1.304514413502783299e+01
9.596018888762929411e-01
-7.351580246987199363e-02
1.405020162799377026e+01
1.303549625550403590e+01
1.504793354873267575e+01
9.396603679656643227e-01
9.325420419654781856e-01
-7.332446777915047065e-02
6.797249368081758059e-01
-6.268071905900873819e-02
-1.001967508178747135e-01
-2.718715883011024737e-02
-4.593115472528896959e-02
9.368758482367894880e-01
-2.682751856135479063e-02
-2.778053993333430283e-01
-3.945824726028354101e-01
9.425942143485651625e-01
-5.824678382323134063e-02
-3.711390622350790869e-01
1.305803322675600064e+01
-5.764587701341072901e-02
9.057332892053951978e-01
-3.599954413180570523e-01
-9.488823198344575882e-02
-3.000794681358586180e-01
-3.444742007483192481e-01
-1.342314026294468832e-01
-1.433879048170554338e-01
-6.102898203936180099e-02
7.766959383034192088e-01
-1.926891227763295467e-01
-2.216777573031041282e-01
-3.035551397315124911e-01
-5.770609431359119412e-02
-2.688914330699825328e-01
-6.971456461860103815e-02
-2.092803312489934786e-01
-8.626304756834679566e-02
-1.563040760952241204e-01
-8.878097845195809246e-02
8.494564871894239033e-01
-6.690666980753579018e-02
-3.223890358575941528e-01
-1.750863355452446646e-01
-9.895410223213685352e-02
-4.157442706929616039e-01
1.304484296080742745e+01
-1.311946245507156217e-01
-2.473188517521429652e-01
-2.470126905876082191e-01
7.834639271786769665e-01
-8.561771603457646318e-02
-1.860878208327603200e-01
-2.124525100701678548e-01
-7.996637694791375317e-02
-1.446320805489830219e-01
-2.539115795031230416e-01
-2.107164818688129770e-01
-3.973060848446241522e-02
-2.430816716257110377e-01
-1.066483025256538264e-01
-1.466354218844838631e-01
8.268900871785288542e-01
-8.055170449251425335e-02
-2.128343136737828045e-01
-9.644998699727447278e-02
-2.269452047100294356e-01
1.304868193031331458e+01
7.511665118092780702e-01
5.570588413522048477e-01
-2.470753185864497103e-01
-1.888957738378272966e-01
-6.772468890766969452e-02
-1.011872612293853724e-01
1.305890453636656545e+01
-8.698013039395036117e-02
-3.734016902611165811e-01
-1.229627204853036559e-01
-1.895040759702869559e-01
-2.832819719371471034e-01
-4.447358179232783204e-01
-3.144797679193588325e-01
-3.479739366426530811e-01
-9.165658209246829724e-02
-3.078267157457216241e-01
-4.070876503906459831e-01
-8.700854089608778263e-02
-2.142077958656224412e-01
-1.197598363493346252e-01
-8.113765167404896061e-02
-6.270507356979959646e-02
-2.504726264374649292e-01
-9.525310353187610435e-02
6.154698800510415291e-01
-4.196825179748953083e-02
5.434721803850770527e-01
-5.142232691193415750e-02
-4.721663175558754588e-02
-1.067912878131489496e-01
-1.797706768930097398e-01
-1.073092123515640983e-01
-1.148963889738277011e-01
1.304137481075870753e+01
-9.104900749825250994e-02
-6.594372798474434916e-02
-2.067869630065097830e-01
-3.755128146700027481e-01
6.645874429508763503e-01
-6.304311455998490299e-02
-3.988265658376699552e-01
-8.862730104193494718e-02
8.655810699647691342e-01
-1.706318861494582340e-01
-1.176325610374443498e-01
-1.010433662341362338e-01
-4.064754261136949154e-02
-2.114581216709437994e-01
-6.425378733931519371e-02
-6.421508927776919951e-02
-1.174585538115202610e-01
8.935321153378629200e-01
-6.860860910180588412e-02
-7.348229663737315676e-02
-8.217642023981319710e-02
-1.175379775768543578e-01
-1.260554709502630377e-01
-1.231232413035818762e-01
-8.679055278277281182e-02
-7.652035467763296239e-02
4.568097666627766174e-01
-6.121098861504947752e-02
-1.340127660664096609e-01
8.454616655852679186e-01
-5.615512835782898726e-02
-8.597117884858307413e-02
-2.018650225033741252e-01
-6.986285308172168751e-02
6.330998273813772670e-01
-7.181609245971587452e-02
-1.098851894312925515e-01
-6.024396159758016456e-02
-5.990449450779444796e-02
-7.642139426985572470e-02
-1.192895616475853071e-01
-8.240777044973968124e-02
-6.786916635462569847e-02
-6.602269040054811189e-01
-9.342788444276994841e-02
-2.987073141372003082e-01
-6.902049130709642100e-02
-1.190454005954852956e-01
-5.689907491961432306e-02
-6.048051625945227716e-02
-2.415371382014077639e-01
-2.129346704618855224e-01
6.234579309675920555e-01
9.490834530932850122e-01
-2.346455202948445340e-01
-4.232507414119207612e-01
-7.869332959976971242e-02
-1.095245573824542573e-01
-1.359677818076265865e-01
-2.292669789369362610e-01
1.303987462395897978e+01
-8.910286663072786162e-02
-5.987221219154470475e-02
-9.928145120589337846e-02
-3.937880923787049348e-01
-2.205452301257918579e-01
-9.233191423444142565e-02
-7.609095617323564653e-01
9.086933256945650683e-01
-1.869439662858993767e-01
-9.867522521382976475e-02
-5.394946833760574378e-01
-7.044937248607785474e-02
-3.901289593478486362e-01
-2.864387492829367776e-01
-3.940650957349040029e-01
-3.637145273311539473e-01
-2.895631707450094794e-01
6.760388941826064313e-01
-7.364209500215657123e-02
-4.926527227795066688e-01
1.303496585284457154e+01
-3.814363605144113212e-01
1.303173678481932285e+01
1.304421857872943313e+01
-1.539503487625544231e-01
1.307239182742647721e+01
8.596994828152060286e-01
6.343480701006164457e-01
-3.439855545879418885e-01
-3.107657028202619465e-01
9.696886784484838318e-01
1.307175725418491652e+01
8.544804466064294113e-01
-3.992995306321331928e-01
1.306903802995196529e+01
1.304429924564986365e+01
-4.119085596969600527e-01
1.303479593095697453e+01
-4.058391995373642480e-01
-7.802737210196164508e-01
1.303906265428643252e+01
1.306507477472286283e+01
-8.382691324770826791e-01
1.304050024555343867e+01
1.303896943483241344e+01
1.306874471271445337e+01
1.305695910488030087e+01
1.404513361086376300e+01
1.404684797320389933e+01
-5.591288610866973485e-02
-6.491582070668588944e-01
-1.339535843062701348e-01
-1.063988447599598874e+00
7.828947750492338820e-01
-2.414967482017698064e-01
-7.433550369365737875e-02
-8.049247757519786273e-01
-2.327186797358404835e-01
-9.948366907364617484e-01
8.812157692132508435e-01
-1.217187786298064289e-01
9.440770459657298330e-01
1.304570334807376142e+01
6.016109331255616866e-01
1.304090054475024374e+01
-3.722362187576782055e-01
-3.694903001095423134e-01
-3.789644484270519031e-01
5.531626272086307416e-01
-4.636849349699279088e-02
-8.152071065114904203e-01
-4.438714809807382533e-01
-9.338747739342387888e-01
-2.020539947784576462e-01
-9.295882212852146775e-02
-1.000000000000000000e+00
-9.039791167744637423e-02
-1.879335476133281446e-02
6.636764052262028590e-01
1.303426648338209404e+01
-9.583844048720177033e-01
4.281840158878867375e-01
1.307372484340565677e+01
1.306525770796803165e+01
1.304206956706790166e+01
-2.467350248679410774e-01
1.305748875900876804e+01
-9.363149920267466175e-02
-3.428347388859188105e-01
1.403804540724310002e+01
1.305752999738346709e+01
1.302550935094172857e+01
1.305433269333531321e+01
-8.058240792103288364e-02
-5.789685327786120439e-02
1.304842685687971837e+01
8.016231933264390541e-01
-5.928212435425428417e-02
1.302584684272642868e+01
5.203665047739752803e-01
-1.000379406365349277e-01
9.484762819393434130e-01
1.303810959974126504e+01
-7.972715595677948297e-02
-7.847673800692211987e-02
5.322092043650455961e-01
-7.313207119647613386e-02
-1.021751469407188084e+00
-9.087904352125486529e-02
-5.687593326677753414e-02
-6.268963862367755713e-01
-1.424915464662749320e-01
-8.223425490445137598e-01
7.343802481675985039e-01
-6.654024312874666780e-01
-6.351369335636284363e-01
9.299755440407635465e-01
-7.206301246209566580e-01
9.386826746645741126e-01
-4.242223306176107211e-02
-8.220326946052466388e-01
-1.255590555275272191e-01
-7.401630961365045502e-01
1.306565892691704889e+01
-9.698140823306538039e-01
-6.582340474079606540e-02
-1.108191311766451026e-01
9.206825958791154951e-01
-8.482957577877339173e-01
-1.043383243079554212e-01
-8.287868712473533961e-01
-7.062484783978788538e-01
-8.108168993559076165e-01
-8.935370482036505413e-01
-8.744303401861677205e-01
-6.821800726527489367e-01
-7.466313612005490707e-01
-1.007121677617118571e+00
-9.854805927262672016e-01
-1.018388819887924068e+00
-9.968472998396632478e-01
-1.025454331799917407e+00
-9.023155879780184740e-01
-8.038165995943059583e-01
-1.083595612382673767e+00
-1.025711509509962260e+00
-7.888429238754880446e-01
-9.746108255491870986e-01
-1.030527152795710721e+00
-8.452947363414271553e-01
-7.160648961121628409e-01
-7.490186397858900058e-01
-7.680061770116068942e-01
1.303025691708030109e+01
-7.990013231579495834e-01
-7.236167031374580727e-01
-7.746996390332350213e-02
-2.400775810151128953e-01
-8.196435858977206834e-01
-8.166759962354663838e-01
-2.474101605189092945e-01
-1.015003342580031775e+00
-5.072658458560701522e-01
-4.216771056235447679e-01
-5.073530025461181481e-01
-7.230540646379857161e-01
-7.134622732755558916e-01
-6.435165308991958044e-01
-4.540824877291083084e-01
-7.300091195215635542e-01
-6.984091485113879116e-01
-8.255532071192643873e-01
-7.094479176220156447e-01
-1.141862761203964904e+00
-8.142011625091031268e-01
-1.241281769245165201e+00
-7.106534407987112889e-01
-6.736333081952434743e-01
-7.952912510871701368e-01
1.306930519762499543e+01
-8.125352663328752056e-01
-6.045589292797326486e-02
-1.982087056019366800e-01
-2.744074928676646374e-01
-4.497963040113708288e-01
-3.874240313896337717e-01
1.304246982426332835e+01
-4.826348571861108772e-01
1.303700876278792364e+01
-1.772846465253986592e-01
-7.814545501885254986e-01
-5.712515245005542752e-01
1.303898980475468150e+01
-3.916991191076367729e-01
1.305420418850772535e+01
-7.999077193836352517e-01
-7.447657451121478811e-01
-7.755763793325118893e-01
-8.172299956190792747e-01
1.306080919916077931e+01
-3.818347439203708671e-01
-3.992529059023796068e-01
-1.765130454230756651e-01
-5.283155871726537001e-01
-3.540854984577826992e-01
1.304094357457091746e+01
-3.444588468155063143e-01
-8.056982599082962437e-02
1.308181059286311410e+01
1.403923274503544860e+01
1.306265920723711815e+01
-8.121161297884018637e-01
1.306718318721531347e+01
-2.048835920269727051e-01
-1.267695823066996574e-01
1.306062323681186221e+01
-1.656482322078609570e-01
-7.872576397539245985e-01
-4.344230404461881800e-01
-6.705358583199660938e-02
1.304777205890489000e+01
1.306157861364524742e+01
-5.081452663537951997e-01
-8.186296975544755661e-01
1.304577284682290284e+01
-8.246473941328740231e-01
1.304757542416276550e+01
-2.403045131310879157e-01
-4.548269214297451235e-02
1.304134724229863096e+01
1.304789374023803816e+01
-5.511713138952456514e-02
-1.948865073037708839e-02
-5.307114600968310114e-02
-6.371522851628697026e-02
-7.910363524886676601e-02
1.302966676062922957e+01
-6.554778452037057779e-02
-4.758518512176868054e-02
-6.852759550791365228e-02
1.305903525217741823e+01
1.303480226506662198e+01
1.304441456471922223e+01
1.304823151536142589e+01
-8.912160316954087502e-02
1.307354292097018700e+01
1.304171677480280422e+01
1.305714226544922596e+01
1.303700367308085006e+01
-9.804443474947088788e-02
1.306886451600858479e+01
1.304304971262079071e+01
1.304341433760681923e+01
1.305750031721526128e+01
-7.165798978306636702e-02
-1.008323296920687895e-01
1.306171300095279264e+01
-3.605983725702054388e-01
1.303204297701535808e+01
8.809926578126758834e-01
1.306982193593676733e+01
1.404936449493490969e+01
-8.282867441149166510e-02
-2.261889930475927679e-01
1.302881276194160165e+01
-5.578872795549849606e-02
1.304295514748958240e+01
1.308837487308199599e+01
1.305040611205432199e+01
1.305898675344714555e+01
-5.906305662327848705e-02
1.303528548161359524e+01
-9.352505335817484777e-02
1.303882986442217629e+01
-8.207975593182603724e-02
1.302850772655359179e+01
1.305251622107089204e+01
1.305522104953682572e+01
1.305352789495774246e+01
1.306663073759780147e+01
1.305525013735293705e+01
1.306536982220021947e+01
1.304484361648397339e+01
-1.285701220435570002e-01
-4.267235646139849736e-01
-7.790627680208042083e-01
-9.255816277016792881e-02
1.303981119088324903e+01
1.305735645340356754e+01
1.304792042913413042e+01
1.306432653038882918e+01
1.305021301555883717e+01
-9.660726446189419336e-01
-4.100341874982538215e-02
1.302940479888898473e+01
-1.482855010303981702e-01
1.404277511805896062e+01
-9.363505207932265595e-02
-2.114933159680597585e-01
9.667767661856028205e-01
-9.406211606840075845e-02
1.303765750566056525e+01
9.517881721110886817e-01
-4.174716568102585512e-01
9.697016818658816817e-01
1.305435939150337887e+01
1.304102286577851899e+01
1.304866965003126111e+01
-6.482174134499163465e-02
-4.055343657493630793e-01
-8.537133947827013625e-02
9.189224281515161463e-01
-9.479537097328549766e-02
1.303735482368373688e+01
1.305117108838247297e+01
-7.737236322126117560e-02
1.002862349625032179e+00
-8.371197688182665519e-01
-9.689101174155811957e-02
1.303981155521368684e+01
-3.716623569670829408e-01
-3.641771300580636250e-01
-3.951281654951303013e-01
-4.414175692037094478e-01
1.304227884018160566e+01
-1.405443307424654176e-01
1.304469555048037499e+01
-9.759821321549433382e-02
-1.096856539773263250e-01
1.303843683151266575e+01
-1.593861623210423017e-01
-3.679625375114070618e-01
9.071421913181839658e-01
1.304985698583785592e+01
1.305842035614376151e+01
1.304489948831986013e+01
1.304245958877093514e+01
1.304161266359817972e+01
-7.785351038663856915e-02
-8.770254287437373453e-02
9.067089160779193691e-01
-1.370915866515716175e-01
-6.225826569339281136e-01
-3.905354441665470633e-01
1.303424969594351701e+01
-3.500831065636811346e-02
1.408797345284948221e+01
-2.175867032759339903e-01
-3.072132068060936527e-01
-6.691136418005860786e-02
-2.729735735018457010e-02
-2.762535293948953363e-01
1.304393795485948715e+01
1.305064208034374218e+01
-2.200356728292596209e-01
-3.960243631189570568e-01
-5.283338614362964591e-02
-2.006585865110408484e-01
-1.456399050835637254e-01
-8.234760386096862117e-02
-2.512772802737736066e-01
-4.905672085453882669e-02
1.307445875100447452e+01
1.307408243758767341e+01
-2.922370108942786704e-01
-3.382664562633875827e-01
1.306685322647605929e+01
-8.984346828014722064e-02
-1.130882614238429840e-01
1.299663998373103979e+01
-8.552225242643440861e-02
9.208137487042338254e-01
-4.575057380822369346e-01
-1.167437863821833011e-01
-9.796755218327433123e-01
1.306924641966798362e+01
1.304843979314066615e+01
1.303786444446004111e+01
-1.039463479396941503e-01
-1.120612723687475221e-01
-7.164834153123333937e-02
-1.083057299190635092e-01
-1.312366949914097747e-01
1.304979508231306795e+01
1.304356189332645144e+01
1.303478723622062674e+01
-8.000087263380517566e-02
1.308217211511500011e+01
-6.341281439587953539e-02
1.307732850518902623e+01
-8.798921955614849022e-01
-4.228038208059174963e-01
1.303644684793943753e+01
1.304757216848330970e+01
-6.114578715391312258e-01
-5.562971664519822390e-02
1.309167256008048241e+01
-4.630674542836293872e-01
1.304748196813740080e+01
1.304184962992421681e+01
-5.928074856394660586e-02
-4.100299597480694391e-02
-1.930400042985860320e-01
-4.746887707405278434e-02
-2.822287960592593237e-01
-2.126658463692235879e-01
-1.473513968545872022e-01
1.298928604877569271e+01
1.306252482367572476e+01
-9.842466411236650004e-02
-9.528944974141428936e-02
-1.010868890402872866e-01
-5.919938982353845081e-02
-1.100886967942488193e-01
-2.141292241255631223e-01
-4.025838035148465721e-01
1.306285504742977466e+01
1.308115083954269053e+01
-8.887928855400462069e-02
1.304966025125878204e+01
-1.300391915165308721e-01
-3.956259555576335796e-01
1.305676480758788394e+01
1.304618723342898612e+01
-9.783888049827027533e-02
1.307338448575572443e+01
1.304726463905701905e+01
1.308725377037604964e+01
-8.519760552338850879e-02
-1.250710323875354746e-01
1.303840138552700978e+01
1.304789631807225625e+01
-5.120029885537147329e-02
-1.859798434194922523e-01
-6.391516035842526033e-02
-1.106615131957080500e-01
-2.443236992513653227e-02
-3.067089861713637733e-01
1.303803402873296058e+01
-1.233022189051210527e-01
-9.963890551949994290e-02
-2.819628607070210347e-01
1.305961158846613124e+01
-6.878764222074051915e-02
-3.924731877686382653e-02
1.303384024444957845e+01
-9.581674528408246072e-02
1.307584167975751299e+01
-2.478841499688247962e-01
1.308793858898635065e+01
1.305006090950642417e+01
1.304282343696200819e+01
1.304702969907823018e+01
-8.144893597664581986e-02
1.304132788399736320e+01
1.304295215007234532e+01
-5.388217665880967733e-02
-1.194666338889980306e+00
1.404707289838870210e+01
1.305675573447301296e+01
1.405813409028970717e+01
1.305283648941563079e+01
-9.498721055577286076e-01
1.306567452429992038e+01
1.308203482271946960e+01
1.303436397674354907e+01
1.308402348247113878e+01
-1.077336692816432739e+00
-1.278530061567147991e+00
1.597932323453177261e-03
-6.213198538552555661e-02
-1.606974836471219970e-01
-1.000000000000000000e+00
1.304227637625026048e+01
1.304433701756455832e+01
1.305415725794017767e+01
1.310101780398077764e+01
-1.302793851502900280e+00
1.304144913184099686e+01
1.306363092494570566e+01
1.303870801696556470e+01
-4.925790494236407246e-01
-5.576861348076582736e-01
1.306985330935346923e+01
1.304978096132467869e+01
-1.337018383564016366e+00
1.305856935335984481e+01
-1.254331377993236796e+00
-1.286558321964157203e+00
-1.313799721937822129e+00
-1.331973320190452892e+00
1.299408211324207585e+01
-9.802489513180098202e-01
1.305067985470957126e+01
-8.646058152783739903e-01
-8.144956275748549412e-02
-5.666769543866911896e-02
-1.188918472699524775e+00
1.309203462865144019e+01
1.304383705932041515e+01
1.304096712511618072e+01
-9.215029724940329015e-01
-1.349745757557116121e+00
1.303153586873184366e+01
1.303984187792893756e+01
-1.480969202906333271e+00
1.303551388951055046e+01
1.306272345372240729e+01
-3.803373185358628339e-01
-1.462527815657629571e+00
-1.289010760017829771e+00
1.304043228899398343e+01
-1.499435022257478156e+00
-1.311931249764156204e+00
-1.264894510076832290e+00
1.305766458882115799e+01
-9.142009560449622096e-01
-1.692419846911059622e+00
-4.641054893948697302e-01
1.302578998890336237e+01
-1.406461415020123784e+00
1.305166969119128240e+01
-1.628215261969101046e+00
-1.343607146194376378e+00
-1.065855547458735453e+00
-1.049598025122365552e+00
-2.985850731104649491e-01
1.307482728803756267e+01
1.304969958082980597e+01
-1.135256245063913871e+00
-8.202026399300805792e-01
1.305736915167111079e+01
1.306443538837651275e+01
1.307514083899626200e+01
1.303381976308411083e+01
-1.422851185056701606e+00
1.305922712772497363e+01
1.307002940399992674e+01
1.305395627159855820e+01
1.304207630759990444e+01
-2.776640343099728847e-01
1.305711770056584342e+01
1.305584759274232098e+01
1.306412789181851686e+01
1.305021334958791357e+01
1.307043659238901689e+01
1.307123962360392255e+01
1.311320987345112776e+01
-6.142838929488736444e-01
-5.307370765131793622e-01
1.308911712369768132e+01
-1.113545921978606579e+00
1.307462182126856121e+01
1.307192884695620272e+01
-7.434751696133723442e-01
1.306768602919734512e+01
1.305432186260662775e+01
1.304312093752364277e+01
-9.131278322456291008e-01
-1.346892071825344983e+00
-1.315471974078881612e+00
-3.486802950867092799e-01
-8.124466065101492163e-01
1.299401338970096198e+01
-6.319106854018590180e-01
1.308404374465250442e+01
1.307955607110653773e+01
1.303250888007787012e+01
-1.104943273633044010e+00
1.303580365355042225e+01
1.306547089289640340e+01
1.305834430470940610e+01
1.304921838059743067e+01
-1.102229788292130586e+00
1.304077041782074176e+01
1.304028054327722685e+01
1.408212337994710595e+01
1.307442159926300818e+01
1.305125705074945230e+01
-1.025808052448478502e+00
1.304324793471974964e+01
-1.024057298408364680e+00
1.307300687780367277e+01
-1.752144175262788650e+00
-1.082598882538665430e+00
-1.594538025692736394e+00
-8.181898241313128040e-01
1.304529566113534145e+01
-8.750986291426384733e-01
-9.588839439557259592e-01
-1.076410848728559966e+00
-1.283274712402179940e+00
1.306039357601514794e+01
-1.232523493409134030e+00
-7.880456333806238334e-01
-1.328029572322270147e+00
1.303978824844733353e+01
-1.084011294848284290e+00
-1.305527055349938736e+00
-8.311574267306087727e-02
-1.659651169518701064e+00
-1.010715404270847051e+00
-1.761159821909626721e+00
-9.351750994687300089e-01
2.679160274431393041e-01
-1.000000000000000000e+00
-1.164791388203588962e+00
-1.170079384535883449e+00
-4.231787641457895877e-01
-4.878465276860513566e-01
-1.272315491873080795e+00
1.304658620861196638e+01
-1.561191547822026848e+00
1.304108803471874545e+01
1.306128488087908579e+01
-1.698648488399925549e+00
1.304157912815011855e+01
-1.344675517203430148e+00
-1.606913757337227633e+00
-9.962604278700175620e-01
1.305937954969301984e+01
-7.879594246840859739e-01
-6.418241905424502125e-01
-8.406824118293935166e-01
-1.250660777751938513e+00
1.302955662352044186e+01
-9.996952071152551689e-01
-7.508559718113793080e-01
1.307448614570951761e+01
1.306101885172181554e+01
-3.976332495062365746e-01
-3.536886582971761062e-01
1.304816070042833687e+01
-1.735427413666161600e+00
-1.061995787657001866e+00
-1.370143611756247326e+00
-6.784401062768301571e-01
-1.650054660522257244e+00
-1.449942052625031064e+00
-9.904223237087907972e-01
1.299540390340072982e+01
-4.318373795357318690e-01
1.304629519150217831e+01
-5.665891101205743352e-01
-1.199276298907201221e+00
-1.142247332897019518e+00
-1.256308325927003589e+00
-1.182770109718156437e+00
-1.134523829633509617e+00
-1.236522211615517675e+00
-1.160188393029133458e+00
-1.580299046110842376e+00
-1.211193311175227771e+00
-1.285719572958644141e+00
-1.301265920354127914e+00
-1.299349767740819228e+00
-7.319941407025876146e-01
-1.306667667457213522e+00
-1.281954061455323313e+00
1.304288019173157309e+01
1.407756378118403973e+01
1.308175280280247677e+01
1.307063907493252231e+01
1.303739794613987257e+01
-9.649675777368146301e-01
1.303971616319054228e+01
-1.180440946945194636e+00
-1.623422318369560635e+00
-1.092437677769133364e+00
-1.298624045977798014e+00
-1.268195743082678684e+00
-8.784653433885691864e-01
-3.709475578734037216e-01
-7.569198131953177588e-01
-9.175906543563910889e-01
-1.357284919776442722e+00
-9.911212566488256659e-01
1.304536436244283948e+01
-1.121113313465152750e+00
1.304801458684781146e+01
-1.384642855366873260e-01
-9.258396176309215964e-01
-1.279659819299499457e+00
-7.985575610800845769e-01
-1.051201923366791968e+00
-9.038844528387847133e-01
-9.357530738463394338e-01
-1.560731795528723875e+00
-1.225500407457652319e+00
-1.112178152146422239e+00
-1.255571395538428892e+00
-1.217735523719756241e+00
-9.281831597943966949e-01
-1.033088787969059119e+00
-1.612763535884063515e+00
-1.588989184951584921e+00
1.303488823852753953e+01
-1.137197609537109466e+00
1.305382528499838024e+01
-1.060420436174612568e+00
-1.342751768541043722e+00
-8.996223748088927330e-02
-1.339230689679500541e+00
-1.516740535970120041e+00
-1.502859263109751486e+00
-1.605889726413876950e+00
-9.950545894498704635e-01
-1.455763021766463439e+00
-1.217544374927394424e+00
-1.101405502745139930e+00
-1.565037349654442966e+00
-1.508975827643256995e+00
-1.614038336681482111e+00
-1.496131634054658432e+00
-1.254321489892459951e+00
-1.433413813503002787e+00
-1.296211883350864014e+00
-1.477017267879157103e+00
-1.137667989454196338e+00
-1.154487646675839363e+00
-1.585552798337704239e+00
-1.417905214335936304e+00
-1.274152444149563301e+00
-1.112727092379236282e+00
-1.606935289214732610e+00
-1.137847528200027991e+00
-1.215050054504958732e+00
-1.573438336692871253e+00
3.220550931977831932e-01
-1.476827110822028111e+00
-1.298099847232188520e+00
-1.663139260010962905e+00
-1.026358040270858973e+00
-1.424632999257147148e+00
-1.156275045731500750e+00
-1.564488528842868043e+00
-8.202744878979099097e-01
-1.139030517952437371e+00
-1.061106744795489387e+00
-1.235944183119308537e+00
-1.419819405138208257e+00
-1.534143248915926794e+00
-1.061310137744417181e+00
