1.043547153412976713e-01
-6.351662187453201991e-01
-1.327997904468895207e+00
-2.753224816925251561e-01
-6.316726212495775705e-01
-8.076117737900816440e-01
1.073224188353809616e-01
-1.333375744289591491e+00
-6.865928802022618349e-01
3.374846326068285940e-01
-1.243932676731865916e+00
-8.562531514110638398e-01
-8.473915571832093541e-01
-1.455117295634698049e+00
-7.121668586315830218e-01
-6.476091690881943252e-01
1.400468630828058392e-01
-6.122310528310862532e-01
-3.848045445443614154e-01
1.415824912166881722e-01
-5.965538066573627951e-01
-8.524520069871356354e-01
-6.977054997649276835e-01
-8.081638330954760141e-01
-6.953847641748396313e-01
-7.157440310531861805e-01
-3.376046117373417976e-01
-1.468124714793495267e+00
-1.338392689836140681e+00
-1.279876373105729437e+00
-6.920132874019855329e-01
-7.511987976910693421e-01
-8.313918608234052154e-01
-7.792618605889929384e-01
-8.370076462650357652e-01
-1.179981706600492952e+00
-3.866539211345995652e-02
-4.901228650942556220e-01
-8.333307705897800011e-01
-7.602266482429111960e-01
-8.361116836528660334e-01
-8.173364959604991764e-01
-7.012844111514838774e-01
-7.288283757442755029e-01
-3.627678623784782452e-01
-4.138128618885129617e-01
-3.666972212583913260e-01
-5.005340923723655688e-02
1.401529173060173683e+01
-1.910885910426611822e-01
-4.203404609855234675e-01
-2.041028870858521138e-01
-6.005207118442087433e-01
-4.583045314020420813e-01
8.282950903705162959e-01
-4.172843103631335149e-01
-7.545014371324083591e-01
-8.220803477411827709e-01
-3.890951549466914461e-01
-4.097134431990109293e-01
1.305101989918506433e+01
-3.947519952587352776e-01
8.266578431842731556e-01
-1.570701591462511093e-01
-1.602140928500729533e+00
-2.105975947063835285e+00
-1.992113685576785365e+00
-1.702870304558560699e+00
-1.600281645598063296e+00
-1.933913979066317346e+00
-1.619161278122719594e+00
-1.692584567944028784e+00
-1.544624029423864453e+00
-1.491811997530303024e+00
-1.615589541361166948e+00
-1.410612446633267014e+00
-1.489079067232889519e+00
-1.633287810956197239e+00
1.309238272751817789e+01
1.306927902380129680e+01
-7.288430595594097561e-01
-1.183846701970875603e+00
-8.890309805872123050e-01
-6.989187081317955741e-01
-5.505403563968842562e-01
-6.812335429815625787e-01
-8.569763358354001159e-01
-9.233965827011468841e-01
-8.078955172203794444e-01
1.307097263402656040e+01
-4.236289488230698952e-01
-6.063271891677198822e-01
-3.647186579397646566e-01
-8.825252572684370023e-01
-3.743897819598555055e-01
2.919337911334780045e-01
-6.342692124894138139e-01
-5.823194763371835059e-01
-4.286662153742166748e-01
6.610091095468524358e-01
-3.734592465390569327e-01
-2.388004028324077765e-01
1.304404270060397764e+01
-3.134274289959542159e-01
-1.628221079226617185e-01
-7.882252449085899171e-01
3.180755993404045245e-01
1.307170649702478116e+01
-1.754187651683671856e-01
-9.358611056888612723e-01
-1.522303089125536246e-01
-4.299914700074584095e-01
-5.052050933482135076e-01
7.576327459698893874e-01
-5.425908866942423803e-01
3.888841674274750582e-01
-1.993338188956611523e-01
-4.239001420651190566e-01
-5.642880338120732642e-01
-2.816154533704484653e-01
1.311694007254443584e+01
-5.774570060398807048e-01
3.760001113862914135e-01
-3.057198081732193096e-01
8.976075047827746234e-01
-2.228261332271112005e-01
-3.753111117257322826e-01
-4.425073284051512790e-01
-2.420585818182006133e-01
1.304735828696783351e+01
1.305751713807006809e+01
1.307820363359322613e+01
-2.930645720782368846e-01
1.307864182454559199e+01
1.309326461918064055e+01
1.304467328266073700e+01
1.305364190946715652e+01
9.649877660108930888e-01
1.305456040974084431e+01
1.306578885558814207e+01
1.309214347870346451e+01
1.307988558471463847e+01
1.303253178993296046e+01
1.304728101932525419e+01
1.309257511709670752e+01
1.304195368712193215e+01
1.305433631026745722e+01
-2.339930636483126269e-01
-7.486814423104407590e-01
-7.655221308183546292e-02
7.356929238468625787e-01
1.304564273252686490e+01
-5.994210416633616312e-02
1.306906574241744501e+01
1.306067086389594323e+01
-3.191332373941320188e-01
1.305022653996502946e+01
1.304711905071071065e+01
1.307303133650991001e+01
1.304718351589774628e+01
1.306594908497818963e+01
1.306804313074597346e+01
-5.405799202003214177e-02
1.307120740805762971e+01
1.303461240160374857e+01
1.307326546796023869e+01
1.306415045932990537e+01
1.308831232039100811e+01
1.303588805938201212e+01
1.306212298874504185e+01
-3.172109198156434218e-01
1.306919013778587058e+01
1.300450533341489390e+01
1.307102618402816319e+01
1.307227620614888863e+01
1.305443904285927026e+01
1.302735856981790974e+01
1.308686266077596194e+01
1.305538932763687399e+01
1.307644109782055075e+01
1.306386944513905490e+01
1.304725363744967304e+01
-7.112951115737986552e-02
-4.882245948097185817e-02
1.309819779575193621e+01
1.307601296496239840e+01
-1.483941399512488379e-01
-1.759730562759885819e-01
1.303976035453765547e+01
1.304603285622214059e+01
-3.708534757930839199e-01
1.307388592226181423e+01
1.304667849043989492e+01
-3.046759093819109143e-01
1.307088892894000409e+01
-1.717338783009003667e-01
-1.701586163378716599e-01
1.306785755177980590e+01
-1.927625748116348348e-01
1.305936388970555662e+01
1.305603390666754393e+01
1.307232030134273870e+01
-4.241945901535938424e-01
-2.061868829821651428e-01
1.304681680572375235e+01
1.310009771997103911e+01
-2.755458105583473705e-01
1.306787239323412919e+01
1.306144904054448830e+01
-3.376109909258083741e-01
1.301697541206352149e+01
-1.435292990174343863e-01
1.306720632173599483e+01
1.304128264483276745e+01
1.307407372998158834e+01
-4.025247437800928418e-01
1.303447737091208936e+01
-1.728217222868738689e-01
1.308918009115478931e+01
1.307906966355273326e+01
1.313159620916933434e+01
1.309254968407062769e+01
1.309296569882376993e+01
1.307619532466633672e+01
7.746354652253411022e-01
-6.685526851422196604e-02
1.302375528944533301e+01
1.305302865644934052e+01
1.305812147975265702e+01
1.308963332030171500e+01
1.307240349439271654e+01
1.309143953539136263e+01
1.309423323983506826e+01
1.307022996909583412e+01
1.303315292222443667e+01
8.090591689428502375e-01
7.478411830968896279e-01
1.308201380177907680e+01
2.937929707787678701e-02
1.303382938302026872e+01
1.304847019372878769e+01
1.307180337140589366e+01
1.304972500791581602e+01
1.308787572764846097e+01
-7.614440564998465888e-01
1.309604091862521003e+01
1.306123065262500660e+01
1.303785723790366191e+01
-4.599167311588732154e-01
1.304854641500850931e+01
1.306018662220839488e+01
1.306671297512251506e+01
1.306295827142735888e+01
1.309338679554632634e+01
1.305949733504676402e+01
1.306843129697863759e+01
1.305929844229875947e+01
-4.286629045398320237e-01
1.309378494084941202e+01
-1.688873821163475730e-01
1.305931519271434382e+01
1.307500887421987024e+01
1.307945058310545505e+01
-1.739024017987100823e-01
1.304249694230769840e+01
1.308488372743329897e+01
1.306928576189526403e+01
1.305623745816678394e+01
1.300585422388135370e+01
1.308294113964631578e+01
1.306880232904098982e+01
1.304407492955382608e+01
1.305830936911136142e+01
1.309542565662281710e+01
1.308239305939117081e+01
1.307511995544238736e+01
1.309044176629165612e+01
1.302703125591272126e+01
1.304710234130517321e+01
1.308175666857473729e+01
1.307515223011068528e+01
1.307245294655282919e+01
1.305623452321594868e+01
1.305826616885766001e+01
1.304235764194341307e+01
1.303811948397081011e+01
1.311956732743814058e+01
1.304871979885168720e+01
-8.853764376435913075e-02
1.305081786694424828e+01
1.306721916141869144e+01
1.306195944080912419e+01
1.304340640406691776e+01
1.303838030192010500e+01
1.308327490674385096e+01
1.306130600437219158e+01
1.306323310428634699e+01
1.304739266473351833e+01
1.305232727754281541e+01
1.306351765584711266e+01
1.307736214229078620e+01
1.303927614254015666e+01
1.304286387606872744e+01
1.307894100480127797e+01
1.304666241688300943e+01
1.310026661124141967e+01
1.305315038888846857e+01
1.306810650911134175e+01
1.304328951264822933e+01
1.305908962140673957e+01
4.262192469204655332e-01
1.306493162148357534e+01
1.309523538946582910e+01
1.304491901294093559e+01
1.301782538939365530e+01
1.304932324820200051e+01
-8.971399064454721461e-02
1.304994760511036311e+01
1.304937253488203375e+01
8.584503398783731587e-01
1.307706824138416479e+01
1.307848815484748961e+01
1.309868313963754183e+01
1.307175702203510603e+01
1.306557322809278432e+01
1.305269858809313988e+01
1.304437216924530674e+01
1.305187987411467887e+01
-7.975202236267274758e-01
1.306116491248706524e+01
1.304990257942366050e+01
1.309555676053265394e+01
1.305011935292665015e+01
-2.232339513189767199e-01
-6.232136300547319596e-02
1.305688816349946180e+01
1.308022522178400493e+01
1.306269926082882193e+01
1.308184274975118200e+01
-3.904992923587430331e-01
1.308239234482273972e+01
1.306772932287881162e+01
1.305995183760177980e+01
1.307651597763114282e+01
1.308029928957363808e+01
1.304005297344138015e+01
1.304426566016721267e+01
-4.068871799785703791e-01
1.306500616444565743e+01
1.306478929583069615e+01
-1.482547945748107221e-01
1.309490116809942961e+01
-9.814966353846987790e-02
1.306770191890558763e+01
1.307355905011963593e+01
1.307342465898365624e+01
1.305948006728748823e+01
1.306971967716182625e+01
1.306448746181916931e+01
-2.409698894733895980e-01
1.306744011218524903e+01
-8.646800254598530078e-02
1.305278577456931188e+01
1.307485847564045756e+01
1.309107508852785884e+01
1.307250664754433878e+01
1.306528362306446667e+01
1.304796069578687501e+01
1.308575475856084935e+01
1.308476499381703739e+01
1.305064724140936505e+01
1.307201437741921879e+01
1.305642789852630870e+01
1.306292155843673974e+01
1.307319430484311162e+01
1.305441478205420580e+01
-4.122570636986432335e-01
1.304190965687088877e+01
-2.955227291380668753e-02
-4.067767170471167093e-01
1.305223540629352641e+01
1.306372963703520540e+01
1.305482600505640534e+01
1.304695559295686991e+01
1.305610861801072176e+01
1.305266398343063372e+01
1.305736146542957954e+01
1.306710183010074289e+01
1.307343149693656059e+01
-4.143129321352001515e-01
-2.542878732512119377e-01
1.306612186048198332e+01
1.305238838197739071e+01
1.303983793999129226e+01
-4.667086029552425241e-02
-3.603835047827419480e-02
-3.514354815705877932e-02
-4.176103641812924927e-01
1.308185428741126266e+01
1.306111484302774528e+01
1.306484993914500592e+01
-3.273572003215938775e-01
1.307613862164263985e+01
1.309059354203057879e+01
1.306633346065489221e+01
1.305084290895278265e+01
1.309452419682937574e+01
1.308691972527251934e+01
1.306300290536638897e+01
1.306893781052995962e+01
1.304984971352794609e+01
1.305953242365690947e+01
1.307972894863333835e+01
-1.060086897577876552e-01
-1.819617285633702286e-01
1.310667891484852632e+01
1.308913325978275566e+01
-9.990526595980697699e-02
1.399552693606808518e+01
1.305678898450077341e+01
1.304961971923677133e+01
1.307052340580649563e+01
1.306494104984652793e+01
1.306376899610475917e+01
1.308076369713053211e+01
1.307668402172787836e+01
1.305600198761068143e+01
1.309127680699094753e+01
1.305990561097507197e+01
1.405976081956048418e+01
1.305874705617014087e+01
1.308277348589196087e+01
-1.319702699145814950e-01
1.304664728276878094e+01
1.307772982916348781e+01
1.308046054865876151e+01
1.303762474254367554e+01
1.306624683815349464e+01
1.308575428615720426e+01
1.305957235929730942e+01
1.305970759895517297e+01
1.303717389836042706e+01
1.305198369742068465e+01
1.306454349795411574e+01
1.404331785725156045e+01
1.305556277970100254e+01
1.305514423752127939e+01
1.305430815782141885e+01
1.304176336909813649e+01
1.305283661010203744e+01
1.305483139023014161e+01
1.305820956090741980e+01
1.306083218998967332e+01
-3.809748706737675628e-01
1.306842339155314647e+01
1.309168520435024519e+01
1.303380108686381966e+01
1.305625173143341300e+01
1.308420111165639810e+01
-1.466992945525600334e-01
1.306714386086015622e+01
1.305384772821633632e+01
1.304733764062013179e+01
1.307367102333759767e+01
1.305529231078877572e+01
-1.420230393270002223e-01
1.305347676982727023e+01
1.306199208534339640e+01
1.310210552146230611e+01
1.307886107392546826e+01
1.308100103749609211e+01
1.305085594507622737e+01
1.305728175573360339e+01
1.308484767296141449e+01
1.303908886468871842e+01
1.304571141327381056e+01
1.307936468406950681e+01
-1.092100926230741287e-01
1.304040525490176705e+01
1.303871098734617640e+01
1.305022342534389601e+01
1.305200357153513657e+01
1.306668355280975291e+01
1.307204265564196888e+01
1.304469467117790060e+01
1.304952517452710481e+01
1.304292925505811063e+01
1.305420156186169756e+01
1.309193973652644161e+01
1.303885182378070340e+01
1.309052909506787366e+01
1.306905670228564453e+01
1.304450770107051483e+01
-1.377791867568954887e-01
1.306389276932972976e+01
1.307810664507673337e+01
1.305066333189428107e+01
1.308594437929243526e+01
1.307604889136133153e+01
1.304587259550961598e+01
1.304059805892348045e+01
1.312390745758784938e+01
1.307136199957671074e+01
1.304950337863622067e+01
1.304442467371926284e+01
-7.755374827503676016e-01
1.306547158407004972e+01
1.408240661682166817e+01
1.306383801433627667e+01
1.306146375331932497e+01
1.307278255966563663e+01
1.304331036140996858e+01
1.305774729932193523e+01
1.406844066991523690e+01
1.306829746310501150e+01
1.304646236941534809e+01
1.308032188561968923e+01
1.304386396991243835e+01
1.304983685570396545e+01
1.305865356320641268e+01
1.308111840891901423e+01
1.306353582029126059e+01
1.306337988728792432e+01
-2.559288432899976540e-01
1.305009301309144476e+01
1.304879711496670325e+01
1.305668155861479640e+01
1.307519541955733899e+01
1.303773493147453344e+01
1.307209138355395872e+01
1.303738922026573732e+01
1.309080910937477782e+01
1.305156950177745401e+01
1.305127369737095933e+01
1.307816931631907664e+01
1.304723066887259719e+01
1.307761297668069744e+01
1.305702962209285545e+01
1.304606037915822014e+01
1.308150747698670635e+01
1.307859405551664267e+01
1.304579234125815290e+01
1.305243930275831588e+01
1.307012065410529722e+01
1.307182446468366699e+01
1.309163002432724454e+01
1.305363243498839765e+01
1.307047514863099380e+01
1.305960691927844763e+01
1.405133595358800136e+01
1.307448293844553255e+01
1.305465347356285122e+01
1.305662030048117472e+01
1.310839738222616191e+01
1.307966306607273843e+01
1.304425143307660306e+01
1.304986611022897236e+01
-2.139920684724690991e-01
-3.250424841656366359e-01
1.304585814453647430e+01
1.306099824512446617e+01
1.303942294665871948e+01
-3.413712467017353536e-01
1.303738936270372406e+01
1.308722415552852070e+01
1.309110435199978895e+01
1.306532791567670237e+01
1.302913791190236736e+01
1.303875489039895541e+01
1.303570221991981981e+01
1.305224971535780476e+01
1.304450010797160076e+01
1.308466316025578102e+01
1.309651775635903448e+01
1.305144608640183534e+01
1.308042341128349761e+01
1.306831266375812106e+01
1.307807628480004603e+01
1.307622238906022005e+01
1.306290852244882927e+01
1.303325144298211846e+01
1.306163461467893327e+01
1.306112389270092144e+01
1.304691002160324942e+01
1.308469819211977736e+01
1.307361736417869480e+01
1.305897512710722630e+01
1.309091332727227019e+01
1.299785765240777025e+01
1.306257694778987499e+01
1.302500689336847017e+01
1.305005225097614918e+01
1.307473292122295661e+01
1.307156570978622234e+01
-6.541642907162503739e-02
1.306488540363007189e+01
1.304918915397756685e+01
1.307528986847673202e+01
1.303047909666233650e+01
1.305015872035741964e+01
1.308056289190222188e+01
1.307191882562249852e+01
-9.939218730381504940e-05
-8.355218945431788224e-01
1.310322537068324245e+01
1.303739470847203918e+01
1.308847411459719545e+01
1.306696930580918092e+01
1.306686400401355641e+01
1.307945646139977924e+01
1.304980683726560287e+01
1.307701259622597156e+01
1.308067682323543757e+01
-8.374457732272085897e-01
1.302840850006701956e+01
1.306795773060174959e+01
1.307959059922378842e+01
1.303980465623183349e+01
1.309388443102729482e+01
1.303902051842688437e+01
1.306903702855791849e+01
1.309062656588895379e+01
1.305825486053811346e+01
1.307199068178865176e+01
1.305806642333095446e+01
1.307791830850191594e+01
1.309269605861443608e+01
1.308420207842694083e+01
1.304907742042769669e+01
1.306731298489652104e+01
1.307622891179434887e+01
1.305657904395088309e+01
1.308685820428824798e+01
1.304592126343886704e+01
1.306463671981475194e+01
-1.734165545455358393e-01
1.306448494763395729e+01
1.307107420428349798e+01
1.303507419233710607e+01
1.307522588073629777e+01
1.308683473894214444e+01
1.306716448784733586e+01
1.305325488529773459e+01
1.303825985394112230e+01
1.307917714339395765e+01
1.305148623116746265e+01
1.309571667179324805e+01
1.308464945986904127e+01
1.307333139611087880e+01
1.304506938341052269e+01
1.301390578226956940e+01
1.308353396309517791e+01
1.304450771535999820e+01
1.304629969568958714e+01
1.405216583937120056e+01
-7.227926457613406130e-01
1.306802553084676255e+01
1.307513579389834035e+01
-3.529210968314311359e-01
1.306493365985575750e+01
1.305050806950570674e+01
1.305564828634038577e+01
1.304960234323655399e+01
1.307700943393324522e+01
1.305361993313767854e+01
1.307911280026898737e+01
1.308691818708282995e+01
1.309830135455263900e+01
1.307601681117752079e+01
-7.439211100070197702e-01
1.304832740885908571e+01
1.307626835467525339e+01
1.308408965919168487e+01
1.304455415438656729e+01
1.304903561513521026e+01
1.303747525465989909e+01
1.307691325918961667e+01
1.307949619255877138e+01
1.304865769732441017e+01
1.304868899082821443e+01
1.304442618666868370e+01
1.308823292064385768e+01
1.302916933469095362e+01
1.307311286668269901e+01
1.406127198275191148e+01
1.307670061044544063e+01
1.305806583468034354e+01
1.305280195422478329e+01
1.306401551370442249e+01
1.304541302699029792e+01
1.306951170847606924e+01
1.306598347066216448e+01
1.305768080501957229e+01
1.305336240332100850e+01
1.305706002241442398e+01
1.307022211394928846e+01
1.307237915308206766e+01
1.308058847791225965e+01
1.307756846068557266e+01
1.304089344124607130e+01
1.304752084019190761e+01
1.305474256943581857e+01
1.305322177430452690e+01
1.304836542040771974e+01
1.307506502809420112e+01
1.306897075871479785e+01
1.307156495204673163e+01
1.305665033919475349e+01
1.405249074155459965e+01
1.304824960082869723e+01
1.308257099959375580e+01
1.308922850573685004e+01
-7.865225186664924761e-01
1.305301104687951863e+01
1.304211260507021919e+01
1.308240977592765475e+01
1.305924816507112851e+01
-6.917027729041717032e-01
1.305035028500237715e+01
1.305013536667837037e+01
1.305594898890776534e+01
1.306872542492101985e+01
1.305944370853165104e+01
1.303900827339860768e+01
1.308676594421056549e+01
1.304773922490783988e+01
1.307915569328940286e+01
1.306833427072317022e+01
1.305773186935068964e+01
1.307031290621043951e+01
1.307873169111467249e+01
1.306128024746621286e+01
-2.302699372327435823e-01
1.307052002933328616e+01
1.308180998587154775e+01
1.307583781557544711e+01
1.305249253433331447e+01
1.310061812341349707e+01
1.308749869086274842e+01
-9.176029909090146486e-01
1.307438220078245728e+01
1.307149430263896228e+01
1.306260829075457686e+01
1.305477798690381519e+01
1.305464319420156016e+01
1.305236075356807746e+01
1.306591642414289645e+01
1.306020757858780357e+01
1.304739149844974477e+01
1.308999305189321127e+01
1.306953794052751761e+01
1.303917935859846366e+01
1.305712317129557398e+01
1.308675808402131224e+01
1.308636903110120464e+01
1.305533602008315519e+01
1.305343769262146481e+01
1.308373896641738199e+01
1.306840834826567033e+01
1.306308559790466006e+01
1.306305863274716650e+01
1.306241871082104922e+01
1.306531473684314548e+01
1.309641946250717481e+01
1.306927785164972278e+01
1.304787954040409481e+01
1.304903768670044784e+01
1.304874656327343629e+01
1.406181657767195148e+01
1.305203192820492397e+01
1.306340736739143082e+01
1.306345202598541455e+01
1.303715574414136924e+01
1.304750568192735471e+01
1.307762721818758145e+01
1.306337796138976515e+01
1.304783352705711508e+01
1.305841782758901104e+01
1.307877133271137282e+01
-6.050833971608664541e-01
1.307037243200664989e+01
-7.658855093972968264e-01
1.309179382147083359e+01
1.305317233349971850e+01
1.307381376077618640e+01
1.306193353368973398e+01
1.307657230114936553e+01
1.304567237219601594e+01
1.304837154978582348e+01
1.304027818894411794e+01
1.307938652222573239e+01
1.307509938759988799e+01
1.306035462800791080e+01
1.306517163196034659e+01
1.304348536796589997e+01
1.305876026814465973e+01
1.315026954964790740e+01
1.307700080990654534e+01
1.305014294347281201e+01
1.307942803042321600e+01
1.304050193354433596e+01
1.305006669820729570e+01
1.308908653794905774e+01
1.303305029100931023e+01
1.307554405996195435e+01
1.309481931937762056e+01
1.307599453449184779e+01
1.304932421633577633e+01
1.310382122196184795e+01
1.305654726964868217e+01
1.301535803912451073e+01
1.306886973087534898e+01
1.307507340259277129e+01
1.305714778124330877e+01
1.304194649317328114e+01
1.304224906343079837e+01
1.306422401533032129e+01
1.306153018008993882e+01
-2.468636698242453464e-01
1.304186750825283170e+01
1.303404585652806880e+01
1.303756248068780366e+01
1.305207418157068489e+01
1.309146925182441734e+01
-7.576407787737760025e-02
1.304500238508230225e+01
1.306260850984299893e+01
1.305482280878221601e+01
1.304390211048025527e+01
1.308231506869805116e+01
1.303229999313580834e+01
1.303688788175642088e+01
-4.428488516860167312e-01
1.303357575174174698e+01
1.307091595762976688e+01
1.308346451754933426e+01
1.305180859901611612e+01
1.308371758637713711e+01
1.306309782268321129e+01
1.308201605466397766e+01
1.304471494408152488e+01
1.307712123363309331e+01
1.308109802058318394e+01
1.305883899457268882e+01
1.308653922265033032e+01
1.307271142067491532e+01
1.306778802127917949e+01
1.306963364417456397e+01
1.307172711412167132e+01
1.307195373844455411e+01
1.309432989359244637e+01
1.308864407230854709e+01
1.308892888586273351e+01
-1.572441552293546430e-01
1.308244272493664617e+01
1.306378411308591581e+01
1.303874522738887087e+01
1.308139272388607566e+01
-4.045209636077089499e-01
1.306724424416538000e+01
1.307784332970070196e+01
1.305107936075174990e+01
1.306141024448703902e+01
1.303353785465633585e+01
1.308063564369951237e+01
1.303876703589745922e+01
1.306194072223163616e+01
1.304940907931766247e+01
1.306201444397256850e+01
1.305553699239150589e+01
1.308476970080170254e+01
-5.109803443951299595e-02
1.309348121735471437e+01
1.307971303209728120e+01
1.307931144299151427e+01
1.308118720651800970e+01
1.309401412007537147e+01
1.308170595802460667e+01
-4.283011825277162066e-01
1.306615831287363783e+01
1.307396121036404324e+01
1.308233191060270606e+01
1.305372520655556734e+01
1.308949295809752300e+01
1.304700433933328796e+01
1.305721565150225771e+01
1.304690397804941426e+01
1.305980495228915927e+01
1.306107244540898549e+01
1.307913898962135235e+01
1.305582255918174894e+01
1.306791834598582014e+01
1.305675347361575156e+01
1.303760965259795768e+01
1.304851896417716794e+01
1.404131033488126334e+01
-3.704107462677400653e-01
1.305247405620914591e+01
1.308892185755257742e+01
1.405901929908736925e+01
1.304907609666860857e+01
-3.378733386176331344e-01
1.304792895250892037e+01
1.303767636035818356e+01
1.306560957578468063e+01
1.305970537944017096e+01
1.309364190084978574e+01
1.307272127339150281e+01
-3.934997442793300992e-01
1.305249793016024284e+01
1.305249720915342593e+01
1.305150725647605725e+01
1.305885520748088524e+01
1.307867323296044404e+01
1.307652547732761761e+01
1.305111419240656723e+01
1.304030235411395111e+01
1.308145466630289810e+01
1.308704557050497286e+01
1.305485597468604020e+01
-4.392026523935991245e-01
1.307755255442184605e+01
1.307275091479446161e+01
1.305916364532167862e+01
1.304501840572012661e+01
1.302131448551991966e+01
1.305318798666568902e+01
1.304551209979991455e+01
1.305936617647682496e+01
1.303780166876175706e+01
1.306118550973826054e+01
1.304143745954701217e+01
1.306446026685123485e+01
1.305381601930138658e+01
1.307419984796562318e+01
1.306055845168245710e+01
1.305600926131223716e+01
-4.154804417998457788e-01
1.307499123128565444e+01
1.306398229510889308e+01
1.305857212092167075e+01
1.306573599417810705e+01
1.305064544102308055e+01
1.308169723933047024e+01
1.306356250206621183e+01
-7.370510379335173390e-01
1.308086997410068264e+01
1.307705289065052234e+01
1.305405914869781725e+01
-4.325791755782681935e-01
1.304302060144555853e+01
-7.052971532545653233e-01
1.306477963539460596e+01
1.305002362143629746e+01
1.305427316542826688e+01
1.305489858833403005e+01
1.305404257279976932e+01
1.052045496350994647e+00
1.308667753109904019e+01
1.305101617509159162e+01
1.302961060901004231e+01
1.304538386246424331e+01
1.306402832957584437e+01
1.308590014653440825e+01
1.303603478667069737e+01
1.306416139679688548e+01
1.304847228407803783e+01
1.305785769555581766e+01
1.306931131307445071e+01
1.305619336136810027e+01
1.304295591855210290e+01
1.308193457129351778e+01
1.305552027350420019e+01
-3.647443202819270480e-01
1.307931913329678508e+01
-4.343506651528885598e-01
1.306415936670492783e+01
1.307888755182190188e+01
1.305688633106404950e+01
1.306908214916785305e+01
1.309796136189832794e+01
1.305247233892821512e+01
1.307291528342506837e+01
1.304833791154958078e+01
1.304595407823842734e+01
1.305851795760930756e+01
1.305817314947974239e+01
1.306209286365671218e+01
1.306424177402553966e+01
1.306282337051638365e+01
1.306921441846263399e+01
1.306955317241152770e+01
1.304471820000265936e+01
1.306813789396940884e+01
1.303888799050019642e+01
1.304143519717736588e+01
-4.160869721526273546e-01
1.305707885043470640e+01
1.306258467668062195e+01
1.308815224739591976e+01
1.304115497347487285e+01
1.309489929964964006e+01
1.304565916655313096e+01
1.304934547988914240e+01
1.306524331633784541e+01
1.306950414461829979e+01
1.307314297815019266e+01
1.306224046513453096e+01
1.306390902083279926e+01
1.303645837078324732e+01
1.306221820307462700e+01
1.306472031644175757e+01
1.305671993572916989e+01
1.304255599440401348e+01
1.303318684611243228e+01
1.306043857247408724e+01
-4.317259847101501125e-01
1.307997017120876748e+01
1.305805587256797295e+01
-5.088184972377411963e-01
1.308420831910850168e+01
1.309093107795725608e+01
1.305282697000366277e+01
1.308025139169165030e+01
1.304285413469202659e+01
1.307127229680573777e+01
1.306740985802715116e+01
1.307618217993997689e+01
1.307281739365701156e+01
1.309094069415979789e+01
1.306802029515559305e+01
1.304600620226853280e+01
1.304604862691601497e+01
1.307936833204711746e+01
1.304896324236690930e+01
1.306937014544739739e+01
1.310747371135947148e+01
1.306381594707436733e+01
1.307281665399129800e+01
1.306591076811625918e+01
1.303543754341249894e+01
-3.512215888225518334e-01
1.304596431743044604e+01
1.303626612659447126e+01
1.305349054135939291e+01
-1.201491014043153394e-01
1.304678506659338666e+01
1.304165591297520521e+01
1.307963447065092311e+01
1.306593012231868656e+01
1.308320162010875976e+01
1.307107857116955785e+01
1.305543716304792845e+01
1.305630185769952512e+01
1.304942402941686197e+01
1.304583079736025475e+01
1.304067268199680818e+01
1.304206022843694690e+01
1.306324233752506458e+01
1.305113692924470570e+01
1.307472013890420470e+01
1.305707001798908706e+01
1.307345090853375780e+01
1.306145010118090077e+01
1.303773963856755458e+01
-4.556727104938105288e-01
1.305723663422098113e+01
1.303865170021978237e+01
1.310312862180839488e+01
-4.211749287866222158e-01
1.307590902077408757e+01
1.306065118470144348e+01
1.306185875947018715e+01
1.308038383152871909e+01
1.306298279672741813e+01
1.304910033888923770e+01
1.306536819817899087e+01
1.303714781816590929e+01
1.308487601096543251e+01
1.305406668060675734e+01
1.308685034110310497e+01
-3.253836934406274528e-01
1.306277006429274934e+01
1.306577553479624498e+01
1.300571606332106711e+01
1.307521985048254010e+01
1.304518930170814350e+01
