4.862992929254112084e+00
4.897172412222744242e+00
4.870340422960774518e+00
4.899967839237955758e+00
4.923322073909403684e+00
-1.302244878043078646e+00
-1.462073607353356675e+00
-1.289285514033434943e+00
-1.292046205968372830e+00
-1.331951333156909056e+00
-1.837803632951612087e+00
-1.376241290632527425e+00
-1.120779950711208395e+00
-9.127588114087648030e-01
-1.738627240889413228e+00
-1.311910150773571093e+00
-8.836239471963460712e-01
-1.564594326133628588e+00
-1.582623744179640246e+00
-1.144165245344050286e+00
-1.144665215526517787e+00
-1.497273236180390432e+00
-1.355890240954887194e+00
-1.153303626809039972e+00
-1.427074739258842317e+00
-1.204684959478365514e+00
-9.549407969295570231e-01
-1.261438763863267365e+00
-1.321144533128121079e+00
-1.283749341385429066e+00
-1.277070260250705580e+00
-1.280578447184402169e+00
-1.308592599955945346e+00
-1.281498760731141884e+00
-1.322823829065495893e+00
-1.669438977760496323e+00
-1.731227775120398382e+00
-1.272984840720629895e+00
-1.385612836765759415e+00
-1.122958439187256685e+00
-1.370494881270291510e+00
-6.537070165954792511e-01
-1.724528912652404378e+00
-1.153592797486696186e+00
-1.115539856605821667e+00
-7.236151090544562514e-01
-6.827283424221397556e-01
-8.229883516919802577e-01
-6.611975565061862792e-01
-7.027926014777772235e-01
-1.313034037624945860e+00
-9.157044953650048669e-01
-7.555161333040028016e-01
-2.205196179441305304e+00
-3.217374542312600116e+00
-2.393621914539400208e+00
-8.536504374554058083e-01
-7.113805693741861447e-01
-1.742876195737963929e+00
-1.853055464809591824e+00
-1.544136102626210594e+00
-1.147142014446090874e+00
-1.340081646470347110e+00
-1.277901171776084643e+00
-1.756093693748753237e+00
-1.071949815873822098e+00
-1.379871363227989978e+00
-1.359775588984827532e+00
-1.287822646794304360e+00
-8.103984062642317632e-01
-9.152590570499571365e-01
-1.134250418167040975e+00
-1.411076631432782502e+00
-1.449596164793178099e+00
-1.152567255858626183e+00
-1.049892374900866399e+00
-8.945467349814271163e-01
-1.471441749918046327e+00
-1.159645710623907089e+00
-7.950169782143431396e-01
-7.402415467911963587e-01
-1.227511753671424177e+00
-9.163312235499423419e-01
-7.404171602133062802e-01
-1.103659827345783606e+00
-9.352833046494556379e-01
-1.226924429121454496e+00
-1.633417820344714499e+00
-1.218505632225464375e+00
-1.823986405190628712e+00
-1.163551881660799481e+00
-1.252757890194421408e+00
-1.296057289607214447e+00
-1.503880407821122089e+00
-1.716782469608232997e+00
-1.032064428410728318e+00
-1.794236592389255591e+00
-1.230954612037689522e+00
-2.175754298603891801e+00
-1.016636745430293143e+00
-1.228448275894147068e+00
-1.948483071377311360e+00
-2.220713423548874133e+00
-1.973683782149177279e+00
-1.451616611692408076e+00
-2.353388761508071525e+00
-1.755636063788230228e+00
-1.200149295710807529e+00
-1.131000147501233677e+00
-1.228179391689091737e+00
-1.052933480254788501e+00
-1.174299195560185805e+00
-1.144824336356214722e+00
-1.367834983074777799e+00
-1.214111414750334239e+00
-1.812882399716091886e+00
-1.423018112373590327e+00
-2.137093037602278311e+00
-2.000555869469754722e+00
-8.655021544843504167e-01
-1.497270468615149230e+00
-1.159437863023313087e+00
-1.448824444183645532e+00
-9.781594666606637789e-01
-1.107906763441625975e+00
-1.430071221034584283e+00
-8.909092159569056424e-01
-1.417925350113410143e+00
-1.498569159365190862e+00
-1.753130012434621188e+00
-1.273950249070779250e+00
-9.064505466344825457e-01
-1.012529270592890107e+00
-1.451183942378300173e+00
-1.412900725911522049e+00
-1.684643026721339032e+00
-1.060035080533389351e+00
-1.926914974292722071e+00
-1.368999249490570058e+00
-1.565373224649335260e+00
-9.770277479352091898e-01
-1.147870013439910686e+00
-1.502392074168104941e+00
-9.869078305732367218e-01
-1.582446299058490213e+00
-1.844750241482986386e+00
-1.943752153844360064e+00
-1.231313910759464170e+00
-1.270994657594103572e+00
-1.411926887920467388e+00
-1.115351082387555648e+00
-1.314683482358392830e+00
-1.124691759574851346e+00
-1.000493399614685641e+00
-1.927146132800197087e+00
-1.624946569371331417e+00
-1.884459202549768397e+00
-1.431438657609875653e+00
-1.095939435393334271e+00
-8.399370679444190246e-01
-2.234683262935397430e+00
-8.579415120845230724e-01
-9.235998124422905020e-01
-1.529803145211324100e+00
-1.325100148247140286e+00
-1.504534558484332152e+00
-1.192690880539137188e+00
-1.171705494316403362e+00
-1.189621483739086827e+00
-1.373795790464816147e+00
-1.131431772468413977e+00
-9.082569219111668035e-01
-1.614550738938693275e+00
-8.638427499756138328e-01
-1.202068066349119890e+00
-1.099083184597207330e+00
-1.634639282718579389e+00
-1.227290522711519616e+00
-1.112983458951663396e+00
-9.921680918527940873e-01
-1.060780875560389802e+00
-1.104393514559752765e+00
-1.375314645844769590e+00
-1.749790149694000707e+00
-1.626963825777251849e+00
-9.870299074273197748e-01
-1.292540284861700695e+00
-1.485942574531884830e+00
-2.527668873387309389e+00
-8.472798207871441445e-01
-5.172142899627896195e-01
-5.496794818503758506e-01
-5.163050762514045378e-01
-1.126085231357261129e+00
-7.677903146236754184e-01
-8.964743277686850753e-01
-7.638893481407734720e-01
-8.762507648278506922e-01
-7.638051930864587780e-01
-8.461383365191437189e-01
-9.606312253742764762e-01
-9.811026350110889638e-01
-7.645870795523590502e-01
3.955772091473787722e+00
-8.419799069044683337e-01
-7.711138255174696532e-01
-1.389287312018114839e+00
-1.336889045078998306e+00
-1.276766130410432298e+00
-1.077563341364161653e+00
-7.430952296556533332e-01
-8.837620107906770661e-01
-7.197283267029406240e-01
4.363904245261074344e+00
-1.205486775211257022e+00
-1.135823332863181490e+00
-1.074889195561875344e+00
-9.473052656467659816e-01
3.586089226646691941e+00
-8.291638733570736441e-01
-4.930144079817466718e-01
-1.016041342653462021e+00
-8.546520316772452386e-01
-9.242489779947478112e-01
-6.423114519795691812e-01
-5.649996689276002293e-01
-5.025022992971978075e-01
-8.702748079609903264e-01
-7.394656042219573955e-01
-7.263422029469002172e-01
-6.297471108612022750e-01
-8.208971787619487870e-01
-9.869603468661533041e-01
-1.087982340760006217e+00
-1.008807568010484879e+00
-9.104927585841174897e-01
-1.208596382391640578e+00
-1.088046478225887848e+00
-7.139446227489637531e-01
-5.263198221653619946e-01
-2.592651363881286475e-01
-9.986615471785575959e-01
-4.989086917160118206e-01
4.625871644810448657e+00
4.711932485004997062e+00
4.821140685424563088e+00
-8.474186917892635451e-01
4.856752897131423552e+00
4.306194835141790023e+00
4.677954459882275984e+00
-5.369437858792820428e-01
-5.604766910254567192e-01
4.720975928676892863e+00
4.951341480028655262e+00
-6.414773832166031919e-01
-9.807697181770980155e-01
4.898167369433172880e+00
-5.375187843609020577e-01
-1.982131992086433314e-01
4.903864360690552537e+00
-5.375279800086352200e-01
4.914747700048661905e+00
7.841388569197536018e-01
4.882877738892400288e+00
-2.044347656809565317e-01
-8.370517173103799724e-01
-1.126157853328219272e+00
-9.697545275056620451e-01
-9.390635118469866649e-01
-8.655507128230464087e-01
-8.415235747111293740e-01
-8.384862455563819594e-01
-9.155370601582981660e-01
-8.462875226719898114e-01
-8.701041798681197204e-01
4.444795493051814539e+00
4.930711984899691203e+00
-5.223609427474622535e-01
4.913741462438211194e+00
4.918480729787800598e+00
4.936064039402731751e+00
-5.475819088503244281e-01
6.932606227252477993e-01
-5.945146794901206011e-01
-5.704328880121687373e-01
4.887502006584623970e+00
-9.323292814548428398e-01
4.928299356151198296e+00
-5.241649097462216522e-01
4.883914717253866833e+00
4.858958777725010059e+00
4.860432559446658196e+00
4.891138370967055948e+00
4.887624819031515244e+00
-5.011241576613646442e-01
4.914119946430099972e+00
-4.433382286979479225e-01
4.898284082186933119e+00
4.900592595446901178e+00
-8.196912761995678309e-01
4.937596184809151190e+00
4.904771957196414789e+00
4.590869101816034359e+00
4.944603441652138720e+00
4.898347670197656711e+00
4.911024334681093784e+00
4.838185546676697868e+00
-5.019687031379715947e-01
-5.664785662040574543e-01
-4.738235049016409350e-01
4.925890365451830455e+00
4.929917102525974038e+00
-5.574433232500601854e-01
-6.040475406410475978e-01
-7.100073028147610987e-01
4.931262585922479680e+00
4.897300805407492241e+00
4.840349248705163809e+00
4.892246792597251037e+00
4.861292123502839679e+00
4.931878554043194640e+00
4.833672794203033973e+00
4.866621996746317791e+00
4.908071199531926609e+00
4.925631712474333845e+00
4.898773199880402274e+00
4.932971254754558110e+00
4.929614294988770240e+00
4.936885896950675701e+00
4.930771893583267840e+00
4.935154325045127521e+00
4.926346116934291253e+00
4.937843250996145628e+00
-5.261313687927438032e-01
4.933223576985644954e+00
-6.886305048749916669e-01
4.866703449913595492e+00
4.906158747493751804e+00
-6.860582077492922703e-01
-4.099505086236026052e-01
4.943769250101118118e+00
4.905113513127914437e+00
4.932978657387379506e+00
4.902123074917834167e+00
4.878513307115289521e+00
-2.636156821176403042e-01
4.907873091484756145e+00
4.923700169400690996e+00
4.930747900312168142e+00
4.761547787021789269e+00
5.848123742740686026e+00
4.908458811867639326e+00
-5.715870298941447825e-01
-4.959195456076346264e-01
4.889947276375875340e+00
4.910858801127006679e+00
4.903596738548214873e+00
4.963273083069360325e+00
-9.515287191052452798e-01
4.902724273226906959e+00
4.898333906442666752e+00
4.866826135773692386e+00
4.904463587928561630e+00
4.881770335321414578e+00
4.939018477078499281e+00
4.930147004196220983e+00
4.940372259338753125e+00
4.955219392314392124e+00
-4.853153310454292324e-01
4.904859219575796736e+00
4.893224492740567477e+00
4.870692777897952297e+00
4.926035776493121965e+00
4.874386751446776245e+00
4.843747714204613253e+00
4.861596944602727177e+00
4.885153456431941876e+00
4.888418674550838006e+00
4.871706224602598390e+00
4.922779293505540110e+00
4.779295366098983422e+00
4.910049356686593924e+00
-5.321772533192676846e-01
4.905297947239468215e+00
4.881236682906985536e+00
4.952003920634699519e+00
4.877754977998880470e+00
4.887235872124553460e+00
4.912315174884541946e+00
4.827497448871521435e+00
4.816820098228469682e+00
4.886480185976807888e+00
4.919117677265727906e+00
4.950237475747782945e+00
4.913853134815601820e+00
4.865221845974970094e+00
5.870946752464323737e+00
4.918803059485570728e+00
4.878707955376351713e+00
4.929365375255900794e+00
4.893276206255499972e+00
4.885322121840120602e+00
4.923018104762965308e+00
4.886369873576912326e+00
-7.682965834854273979e-01
4.636763301512305091e+00
4.906672146118566502e+00
4.821034720907657167e+00
4.908965037811970689e+00
4.909083900074804774e+00
4.934501362973692018e+00
4.842749905590152615e+00
4.822470576352948513e+00
4.913517815793571053e+00
4.884742019836441962e+00
4.941235052919267901e+00
4.864008087796673152e+00
4.906931697967253925e+00
4.849979041885301712e+00
4.906813285665833746e+00
-5.085508473626133563e-01
4.901583182412386108e+00
4.897228436160050435e+00
4.960486170612096402e+00
4.900982441240953946e+00
-4.620085542926934963e-01
4.872400330122017564e+00
4.913350913845835777e+00
-2.483437379851713978e-01
4.919919838501874310e+00
4.882828539262447087e+00
4.898457885098812525e+00
4.936194626925058060e+00
4.943243188025955526e+00
4.887565330763425919e+00
4.912959179822864897e+00
4.904361843139584565e+00
-4.743696084984986294e-01
4.876030526161814649e+00
4.902638948806327335e+00
4.912764125739102816e+00
4.922738553774893333e+00
4.896518324155227475e+00
4.890016022093510273e+00
4.884826527292148057e+00
4.926373003248120774e+00
4.926995340798983491e+00
4.902302325626599178e+00
4.920697562491810118e+00
4.877646068267338819e+00
4.936066946777740050e+00
4.924607009171167782e+00
4.933117103126225089e+00
4.911792726744812931e+00
4.866567524134106648e+00
4.858329221243002038e+00
4.930777013200340342e+00
4.897996747498675418e+00
4.830812752608711236e+00
4.917124628684783616e+00
4.783819422691767187e+00
4.796559253279008672e+00
-5.205273984151435052e-01
4.863584006738140175e+00
4.888629539196458929e+00
4.872430677803794907e+00
4.937606966338485392e+00
4.888544686024969721e+00
-4.841717074625888628e-01
4.925772767463298507e+00
-4.874394371858853381e-01
-5.004605950408385073e-01
-4.793004202595365637e-01
5.873170864987502959e+00
4.962218001915596588e+00
4.898691206091212891e+00
4.939919020923083437e+00
4.907679261623858480e+00
4.925213615389431254e+00
4.912370861750734008e+00
4.942239891470467938e+00
4.917939795430513961e+00
-5.462400004215751670e-01
4.849827030259705296e+00
-2.707499520018674666e-01
4.901034197326413988e+00
4.953538083871215747e+00
4.942066192548357328e+00
-5.104980196873489806e-01
4.957806002096496911e+00
4.870333638703248091e+00
4.899373934330123248e+00
4.934235490500162413e+00
4.857486739923452035e+00
4.900750291723155350e+00
4.918452428893874462e+00
4.918344857420332339e+00
4.933865210130280232e+00
4.887018048115604252e+00
-2.394727279345287840e-01
4.843247456067050649e+00
4.922588944690929225e+00
4.913861960699392739e+00
4.942919328270019008e+00
4.916412773283545867e+00
4.920814147762704316e+00
4.902914112519670908e+00
4.932466850737778685e+00
-7.109962728031589130e-01
4.869611422518199007e+00
4.917241247742290433e+00
4.885624798535320501e+00
-3.804176259896705492e-01
4.895252423087510962e+00
4.879863734772067474e+00
4.921092642948224238e+00
4.930968045772047503e+00
4.909039529056338225e+00
-9.708759240336268803e-01
4.870752783351807835e+00
4.951749306379850779e+00
4.943163753745264621e+00
4.947324275234848301e+00
-5.227406766028718232e-01
4.882845606648048786e+00
4.927780132477331598e+00
-9.731425117849714646e-01
4.903605806699279590e+00
4.916197147679091550e+00
4.875268970225309140e+00
-2.491495338804975423e-01
4.893811984712484353e+00
4.880352347287823633e+00
4.849232986123609201e+00
5.854857906626624420e+00
-4.979653314813664577e-01
4.917701590720498395e+00
4.813958730714446688e+00
4.881047983834767123e+00
4.941549171391013573e+00
4.935638943058208383e+00
4.937265787906598646e+00
4.916213902106628453e+00
4.940945332517458155e+00
4.913068481600038950e+00
4.897500599933338528e+00
4.876067655484607855e+00
4.873621781691834798e+00
4.905084877095582385e+00
4.934852882895929937e+00
4.914350725627494754e+00
-3.966106414556223037e-01
4.928059755201354974e+00
4.935804104817121285e+00
4.905605537391144466e+00
4.904388987399990185e+00
4.961563120052056242e+00
4.964605514500934902e+00
-4.395340337646865825e-01
4.877126861540505232e+00
4.899816085797024989e+00
4.888206032477784291e+00
4.956605479086468868e+00
4.927103396348833542e+00
4.853857102679995705e+00
4.886649740416972421e+00
4.859020662231026577e+00
4.910958907781543203e+00
4.863634021605530933e+00
4.876686025717408057e+00
4.943418492609048975e+00
4.931738604826559680e+00
4.926438451491727655e+00
4.874097108502127185e+00
4.885112896266562643e+00
-2.356123255712384568e-01
4.937746815602270800e+00
4.884671860201056148e+00
4.834591451311671229e+00
-3.762039685821871871e-01
-6.497171412175819505e-01
4.910772388541349898e+00
4.894457388519683150e+00
4.848409102153810046e+00
4.816573028163189107e+00
4.861004620934863851e+00
4.922102900385048940e+00
4.925679741191344441e+00
4.905111683779641574e+00
4.865269583764957773e+00
4.897090782541398291e+00
4.849652251865228081e+00
-5.003224595666961871e-01
4.864391927831452023e+00
4.866167947036068142e+00
4.835549767457503201e+00
4.873449852607978805e+00
4.917014307716042865e+00
-4.549197531991304722e-01
4.867702121364640533e+00
4.902870091447107725e+00
4.932700386151156025e+00
4.875383348424570329e+00
4.855100640430001668e+00
4.860985002034318825e+00
4.916252079931593855e+00
4.873531807564457807e+00
-4.151136767793270899e-01
4.946532825325411054e+00
4.905353857965401687e+00
4.836842197949001942e+00
4.865190958771627550e+00
4.899030705733322222e+00
4.827053240522403144e+00
4.830969663423882565e+00
4.909338096576375321e+00
4.831302636635930625e+00
-4.550927403398385973e-01
-4.725130637328709415e-01
4.926227388050369527e+00
4.932333808306354150e+00
-4.666164894224054116e-01
4.897227901883522527e+00
4.859361484294097977e+00
4.914002275930331010e+00
4.897905781594401375e+00
4.870025633739029303e+00
4.927739169091511329e+00
4.898391490096397405e+00
4.912870411112832514e+00
4.875412160933066730e+00
4.834711174475534001e+00
4.924248244766607385e+00
4.920150967161443845e+00
4.930494193239272072e+00
-4.333467109134322426e-01
-5.466680434172159764e-01
-5.250459759144747718e-01
4.922893757774327028e+00
4.859460311328488658e+00
4.911366426367109739e+00
-8.062210291019378250e-01
4.851817915140196114e+00
4.897826122076375910e+00
4.862388628588350414e+00
4.863944914554894083e+00
4.880089167219915147e+00
4.867074865648001847e+00
4.751984432492418087e+00
4.945285319450479555e+00
4.886619113904138167e+00
4.868686408688511769e+00
4.840178007038736574e+00
4.926228258104918822e+00
4.911700992504749230e+00
4.942422868228607769e+00
4.934812325997127047e+00
-5.027202829300208009e-01
4.916660672912954055e+00
4.829720315618769355e+00
4.834461174748651224e+00
4.907168243501711657e+00
-3.680037681606598277e-01
4.820469070626439034e+00
4.795153094784741832e+00
4.938597948896732426e+00
4.830147961376375143e+00
4.913438100217982551e+00
4.919240546192900965e+00
4.920555731217064022e+00
4.808769700650669776e+00
4.852827365821437589e+00
4.921355957219480715e+00
4.902174057384105943e+00
4.941557849813952075e+00
-4.910439861565425446e-01
4.903705317326606306e+00
4.899228293655018440e+00
4.841051288693132726e+00
4.892923729932321386e+00
4.914059631331413769e+00
-4.776808097106102213e-01
4.937563959015281334e+00
4.909399659895812285e+00
4.844414468283675390e+00
4.891266253862189828e+00
4.853147840119969914e+00
4.899117597375912680e+00
4.860587098883195623e+00
4.859570681249390844e+00
4.906872339848733944e+00
4.910738464654386348e+00
4.859809163402287524e+00
4.895070613984689345e+00
4.899572563209868115e+00
4.890688139217351349e+00
4.943913346340913506e+00
4.836676026750282631e+00
4.900610342568301192e+00
4.844943078993671826e+00
4.855183210503787095e+00
4.925199510956402627e+00
4.912752217339095395e+00
4.858902428117430006e+00
4.890934829979965315e+00
4.897021529086892144e+00
4.793632972453155006e+00
4.740147607516002282e+00
4.945957326056422687e+00
4.907883058816269184e+00
4.861238751143385883e+00
4.870559292301589238e+00
4.799147363497544561e+00
4.910042273329529472e+00
-5.015043260587807028e-01
4.865159290664875513e+00
4.893743661248088017e+00
4.883131519859809089e+00
-5.995793046810165006e-01
4.871581827461326064e+00
4.922430497191301768e+00
4.909478236778152649e+00
4.796208258799866897e+00
4.810359526964443688e+00
4.866888646101758198e+00
4.844209007606217199e+00
4.904750553137654734e+00
4.941586458906657597e+00
4.893996716191124641e+00
4.908370113379787014e+00
4.887903267958735753e+00
4.888388806614281101e+00
4.915851150158133009e+00
4.893795960692678193e+00
4.891671515469072418e+00
4.825721378693542896e+00
5.844898109687617804e+00
-3.098854578367031820e-01
4.921166833373790794e+00
4.913379235982653803e+00
4.935046640733309786e+00
4.905984292257397961e+00
4.890034942804517115e+00
-4.221361008567139361e-01
4.939971987001317011e+00
-4.888942466420042043e-01
4.937578425465170895e+00
-4.511082173235214654e-01
4.889557404442151700e+00
4.882668897682114206e+00
4.870589586431762541e+00
4.905601156584556755e+00
4.877488144514114055e+00
4.865627505358196103e+00
4.859542924489108628e+00
4.904971472172869440e+00
4.877067479954506624e+00
4.890786865217578772e+00
4.875630543892652824e+00
4.869304411349693495e+00
4.829499542795574030e+00
4.905662276392595444e+00
4.915264570059776794e+00
7.782910789099720894e+00
4.842880259690815592e+00
4.823510636380176742e+00
4.817489820100563591e+00
4.894409949309871166e+00
4.923488919012233289e+00
4.828606056069192576e+00
4.889271183482037486e+00
4.881956273174888672e+00
-8.755000889413905307e-01
4.910751469807716596e+00
4.881105385830606380e+00
4.892954036121619055e+00
4.883211905149879684e+00
4.902516880662949106e+00
4.900659228924567401e+00
4.895720398296948161e+00
4.856773327941044549e+00
-4.123632164691237723e-01
4.823567347043270281e+00
4.841869193545193184e+00
4.895927685133203866e+00
4.841765708835148452e+00
4.874066916288405160e+00
4.918142725352291578e+00
-1.000000000000000000e+00
4.853864418153510663e+00
4.926899173386676267e+00
4.886362499455120023e+00
4.936940787489230154e+00
4.929059863934554642e+00
4.902522408239068596e+00
4.914616888244905724e+00
4.883349998384885815e+00
4.889739395012140832e+00
4.903980197926072648e+00
4.902163465033829937e+00
4.943706913670265379e+00
4.898091064311900666e+00
4.907377852356709091e+00
-9.875141786632957164e-01
-6.164710696261299638e-01
4.907122126449030119e+00
4.853268106809071725e+00
4.941088512371539565e+00
4.900346654431902316e+00
4.951794581552602992e+00
4.945013008932614085e+00
-7.193397630774187590e-01
4.884721216901425578e+00
4.892226144417024081e+00
-1.681974456828213560e-01
4.897682833731575869e+00
4.852887614889870527e+00
4.913280004040375459e+00
4.841576815049309701e+00
4.907276846944682802e+00
4.919115179133273230e+00
-7.455255652128978117e-01
4.903808337714577803e+00
4.884346578323857102e+00
4.906171636918143619e+00
4.863003979000240840e+00
4.866965952743129264e+00
4.873555872533636091e+00
-5.229858362801567129e-01
4.921255133861814457e+00
4.934816024020438618e+00
4.943493796431132736e+00
-7.385145146089147072e-01
4.916978897825776684e+00
-7.510296604538723164e-01
4.924849170472613835e+00
4.930221756564446167e+00
-8.295267092847951051e-01
4.857172153323094044e+00
4.909862108763987543e+00
4.878934773065966901e+00
-4.364364042991192294e-01
4.921672583648079247e+00
4.842301400577532888e+00
4.900502073575648154e+00
4.675599632068427880e+00
4.911048279195131983e+00
4.929247521579417146e+00
4.908722405410795631e+00
4.871333841895591377e+00
4.913712713709360358e+00
4.914810752588135045e+00
4.880747952545343438e+00
4.910719633178074695e+00
4.921662694133901006e+00
4.923341345404873337e+00
4.894397888298493093e+00
4.832700305539595398e+00
4.900853840939612738e+00
4.927602029234310343e+00
-4.646180884441231118e-01
4.915526489403549526e+00
4.923837570245293449e+00
4.900999760599070498e+00
4.895720399599392536e+00
4.845689271238432738e+00
4.899466628430305448e+00
-9.765719951936404630e-01
4.902706984370761134e+00
4.916566466146181646e+00
4.870050321224909773e+00
-9.056720359515161300e-01
4.898401146108475324e+00
4.896573170092458405e+00
4.870559232411914685e+00
4.867024511621209193e+00
4.912455301540790131e+00
4.898049961510938743e+00
-5.185679616139380332e-01
4.834383024897543457e+00
-4.417725938053674861e-01
4.898696872117121792e+00
4.846919565745460012e+00
4.883884411405638559e+00
4.907330986840817033e+00
4.938697524362758884e+00
4.915927440146073302e+00
4.930324184884824490e+00
-5.400421412306887214e-01
4.922628366024078161e+00
4.940674618854332678e+00
-4.308992496262479266e-01
4.910132959984639278e+00
4.893623378381649403e+00
4.929933793806752895e+00
-1.251302903919109255e-01
4.835283065475899811e+00
4.872573184383896638e+00
-7.629615541050955851e-01
4.939391681255707489e+00
-4.637613266794303746e-01
4.892275913311330271e+00
-3.639929471594697263e-01
4.911656582089442225e+00
4.864928204436227865e+00
4.902186296816681832e+00
4.943553605470373036e+00
4.928659212137711521e+00
4.920100592986951682e+00
4.892843653236399248e+00
-6.963569862799221521e-01
4.885135577089275927e+00
4.918360250908389908e+00
-2.481285552231836666e-01
4.941202741846425717e+00
4.939108486477865156e+00
4.901784038357084761e+00
4.917492594772234327e+00
4.917821732806471502e+00
4.884482227296012447e+00
4.910141388651597438e+00
4.828055118428956405e+00
4.934597083395289907e+00
4.905861962298096124e+00
4.903049624648011751e+00
4.929855455736408487e+00
4.900494002570026986e+00
4.940825330725857611e+00
-5.153303740407187972e-01
4.905076976836967972e+00
4.869074035562835689e+00
4.890311395587483290e+00
4.919073018517672757e+00
4.902022832962160237e+00
4.930215292795552706e+00
4.949098640037488117e+00
4.895963571705197026e+00
4.907228543744257543e+00
4.870056664709579763e+00
4.915351093846451747e+00
4.847079562769978978e+00
4.874004389115199842e+00
-7.186588217722119643e-01
4.887003277924376832e+00
4.904990841086319442e+00
4.821412976744273493e+00
4.898412988571930526e+00
4.898789315584295423e+00
4.953862245064841296e+00
4.922287683386206147e+00
4.924251596023285771e+00
4.879364903600434289e+00
4.910035540283908873e+00
4.870550497621920272e+00
4.897509601688391001e+00
4.873173654716238090e+00
4.889408210029221991e+00
4.885989873855201893e+00
4.886372156583453474e+00
4.932412238756487710e+00
4.925231390069058079e+00
4.948008558554635172e+00
4.868356435311385511e+00
4.903948627808095040e+00
4.901727849066012332e+00
4.947414079291006850e+00
4.947759418701551226e+00
4.904862893183822514e+00
4.946606797378930054e+00
4.891029123331151141e+00
-9.144383136065904472e-01
4.905921005237273924e+00
4.941223331993699119e+00
4.947441737104947279e+00
4.904375994955360696e+00
4.851037638949798669e+00
4.883786418664776363e+00
4.910188552089207015e+00
4.948706357384734744e+00
4.916673492670756040e+00
4.910998684263450542e+00
4.882593516001779044e+00
4.858710128304633891e+00
-3.778361560574178268e-01
4.962348392328959967e+00
4.931389910918571040e+00
4.920269415673302227e+00
4.918375955854411785e+00
4.924489208684009967e+00
4.957501473109965140e+00
4.942851358905715031e+00
4.920203171712837609e+00
4.924542200613141851e+00
4.950734167403321173e+00
4.868479943467271198e+00
4.933491148821509853e+00
4.902362478437872539e+00
4.928002864857472076e+00
4.948496423530484911e+00
4.868907618521169489e+00
4.869302564155207236e+00
4.888897214581472639e+00
4.937123246957630052e+00
4.949671757549781503e+00
4.932956835987050148e+00
