-7.621435568466673471e-01
-8.454180192210691835e-01
-1.410930950931786221e+00
-1.220249973357783402e+00
-5.093201242504324933e-01
-6.019426354176368177e-01
-7.154430137066429829e-01
-8.216934485739281202e-01
-1.253305212728662577e+00
-4.165376675691891961e-01
-1.349246704201813474e+00
-1.238644521369978602e+00
-1.677926096554685775e-01
2.496765660382785634e-01
2.991194137815281762e-01
-1.640874097347749527e-01
2.955886142407739836e-01
-9.216999856285279513e-02
4.917814443537374403e-01
-2.516992589738116237e-01
1.654842238592394155e-01
-3.109724511701743022e-01
1.252762111338481255e-01
-1.386449238095593672e-01
-1.638187861458378081e-01
-8.524454953068766327e-02
-4.257347635677295045e-02
3.066439199550132777e-01
2.448651888370516685e-02
-1.434758303553994863e-01
-1.490787406014188743e-01
5.146422337801342256e-02
-9.695765833807006365e-03
-1.616659162252298554e+00
-1.824982514761677999e-01
1.404010018226922729e-01
-1.147246583769103712e-01
-1.819418939637363133e-02
-1.266060267476371570e-01
3.770821963413788225e-02
9.851682191257180726e-03
6.307607324130808796e-03
-1.495283722573014673e+00
1.599107442277053204e-01
-4.135305274416839483e-01
-2.137508164756013462e-01
-4.875819965492519947e-01
-1.024236574682082956e+00
1.993420934513163295e-02
-2.959015001103539738e-02
-1.675610639223453213e-01
1.702024140092644744e-01
-1.160542540608723971e+00
-3.090162565932651484e-01
-1.998196772063617899e-01
-2.219658885272257354e-01
-8.352494704787813418e-02
-3.931321147967770102e-02
1.008938057558629170e-01
-3.164948121410943171e-01
-1.246052910413069648e-01
-1.696612296872399561e+00
8.701870289442760475e-02
7.377493600600830426e-02
-1.535514765426312378e-01
-1.635653594500783736e+00
-1.620551539489360593e+00
-1.253017185767516972e+00
-3.803667485817765481e-01
1.305536007515054031e+01
-4.364338443399488066e-01
1.304379454569366636e+01
1.305466304161654811e+01
1.305187322595923938e+01
1.305586682748833027e+01
1.305518510544504096e+01
1.304378008720286708e+01
1.305055526938583199e+01
-4.391352286181561260e-01
-4.609693247221819945e-01
1.303979847018437965e+01
1.303619953693040401e+01
1.304925460196352205e+01
1.306451560863752093e+01
1.303804445640556686e+01
-4.482331463144517691e-01
-3.508010898159864555e-01
1.303565368038014327e+01
-8.550099498393251007e-01
-7.783882435678849410e-01
-3.890903467080771838e-01
1.303714989979545180e+01
1.305134587646677957e+01
1.305227651376066511e+01
1.305616399432367558e+01
1.306087805109681810e+01
-2.815659122428385563e-01
1.304825857751941243e+01
-4.300085241346961462e-01
1.306790437280605310e+01
1.305954368961250722e+01
1.305589769735031780e+01
1.304609525145457560e+01
-7.274929792978276355e-01
1.303388779999467495e+01
1.310041111253714163e+01
1.306715949554827105e+01
1.302868855142144966e+01
1.309088692587552138e+01
1.307303780044646757e+01
1.304837313417042566e+01
1.304440324481650748e+01
1.305905085288837064e+01
1.305166618290766323e+01
1.303951711410994463e+01
1.303757392057287490e+01
1.308009140623244981e+01
-4.883746205337285984e-01
1.307551910338866108e+01
1.306166979086980184e+01
1.305125173903552493e+01
1.307713770622176419e+01
-4.042871003828537591e-01
1.309396260209194551e+01
1.307319001174768047e+01
1.306183494300566750e+01
1.308248833414032397e+01
1.306860712542616554e+01
1.308300176668646309e+01
-1.951406183555515206e-02
1.308010387426890198e+01
1.306234614236318947e+01
1.306854394020741417e+01
1.308135080686178497e+01
1.306610187289749803e+01
1.308176099997713315e+01
1.304210775700990155e+01
1.304638510594883094e+01
1.307093233770229190e+01
1.308485690467751184e+01
-3.767911333017152087e-01
1.308227188138610586e+01
1.304694648141829028e+01
1.305617998950182646e+01
1.308192458056918284e+01
1.304275316921421712e+01
1.304582713407728001e+01
1.305257439362879346e+01
1.306180139772448356e+01
1.304460228857032789e+01
1.305484421241141924e+01
1.309082889742258971e+01
1.307350369894047759e+01
1.310148588078471121e+01
1.305261165939520041e+01
1.303696440243238541e+01
1.305266067476154213e+01
1.304327382800361335e+01
1.300917701524785386e+01
1.304114218622101973e+01
1.303574780917140963e+01
1.306178640376214339e+01
1.303422437758576535e+01
1.304319862689869680e+01
1.304248708424297831e+01
1.305649435034293049e+01
1.305301100931908920e+01
1.304410450415591427e+01
-3.691206941145552811e-01
-4.778065578694252746e-01
1.309276612372738668e+01
1.306030433733590002e+01
1.304460868613750790e+01
1.300266282302742660e+01
1.305770944826013391e+01
1.404729838834768429e+01
1.308573706045309493e+01
1.306425414872505186e+01
1.303764572175509606e+01
1.305549609016974699e+01
1.305440327565310987e+01
1.305689000340290207e+01
1.306877390479612799e+01
1.308878986281887080e+01
1.305694222141390881e+01
1.306807366834157413e+01
1.304643459539924777e+01
1.307472214357659901e+01
1.304792566062687520e+01
1.306776931974752820e+01
-3.729853869200704386e-01
-5.167357042358444730e-01
1.304085659372097084e+01
1.305156428788140488e+01
1.306589287136938182e+01
1.304620775462399962e+01
1.307114276632802330e+01
1.303470615770370955e+01
1.306789631304824617e+01
1.307605838263956244e+01
1.308014229899394110e+01
1.304912370022827872e+01
1.306534588910358963e+01
1.305436776137159427e+01
1.305018375307055223e+01
1.305329314881318048e+01
1.307346235678140722e+01
1.306061526709790144e+01
1.304269336229123866e+01
1.305655374389019840e+01
-5.944975231390670078e-02
1.305960671065122369e+01
-3.728795050770438158e-01
1.307205886452036836e+01
1.308605676090673597e+01
1.305307554354934751e+01
1.305035075941174938e+01
1.306921180698296325e+01
1.305709028616375456e+01
1.307386925804163447e+01
1.304184319429072580e+01
1.303952346633012382e+01
1.304215206096045421e+01
-3.531431470796723149e-01
1.306029953160230406e+01
1.304068280406134761e+01
1.306257818671355153e+01
1.305508914333106496e+01
1.306702635835553750e+01
-1.995266725573152655e-02
1.304655211674169557e+01
1.307040579636170463e+01
1.310379285776729219e+01
1.305113464240717391e+01
1.307176938878134465e+01
1.306507877646813043e+01
1.307517395699824192e+01
1.307943497496279761e+01
1.307823719370797377e+01
1.305395990510621829e+01
1.304042870480863137e+01
1.304219027723398838e+01
-3.834121647386306009e-01
1.306241661954675770e+01
1.306314590763387962e+01
1.305734466848233666e+01
1.307355074826292096e+01
1.303635864992945770e+01
1.306507459658071468e+01
-3.841758264092606234e-01
1.307150400244150568e+01
1.306683056124348141e+01
1.304079430617214896e+01
-8.530488039985210103e-01
1.309833401614056925e+01
1.308824254228711759e+01
1.307130337655246777e+01
1.306612987571571693e+01
1.305932548978231011e+01
1.306981977313526500e+01
1.405932963208209685e+01
1.307761839121410397e+01
1.307523669077134088e+01
1.305479417342812454e+01
1.310137855592619971e+01
1.306813153457298782e+01
1.304866869972361521e+01
1.303830263797109978e+01
1.305880247632963354e+01
1.304660112898626778e+01
1.305538832025832541e+01
1.308428547884350479e+01
1.306130239754696731e+01
1.305616713797025596e+01
1.305760061037221931e+01
1.309029409927638099e+01
1.303669873331847562e+01
1.306689519877138750e+01
1.308509664250456339e+01
1.307961745076832472e+01
1.304683748304393909e+01
1.309561097374274041e+01
1.307360516428976638e+01
1.306129944914713370e+01
1.306870064216685456e+01
-3.276236762141668812e-01
1.308668209953606087e+01
1.305557893169975259e+01
1.304464219457988072e+01
1.305773184127665942e+01
1.306912795950016637e+01
1.307282706572442343e+01
1.306536332352073515e+01
1.304290850473238095e+01
1.304265045829185432e+01
1.304319017443022055e+01
1.305828260402964780e+01
1.305518456994702703e+01
1.305291573779270031e+01
1.305008192026059888e+01
1.304605926616972766e+01
1.303810105469593594e+01
-8.610672626427389176e-01
1.310051591758310785e+01
1.307102872946352967e+01
1.306792326396004711e+01
1.305431278437542630e+01
1.308930191024469991e+01
1.309235332509980942e+01
1.307576510612044807e+01
1.308185723248711341e+01
1.307647220834751067e+01
1.304222173606362034e+01
1.305397757975377893e+01
1.308213388194174165e+01
-1.033581568313753918e-01
1.303394938179546436e+01
1.307802390679479920e+01
-1.069469371718843043e-01
1.307591732133396434e+01
1.306611611280236573e+01
1.307084336963524862e+01
1.303697922338063719e+01
1.308117660085698475e+01
1.306694612371882513e+01
1.305623187645787731e+01
1.304295448174727845e+01
1.305056144518867711e+01
1.304265817962859764e+01
1.307371113599454304e+01
1.306643922015053860e+01
1.307122401713482063e+01
1.304787612105134009e+01
1.306202735409714322e+01
1.304960991820296989e+01
1.303824129144924449e+01
1.305235510178751568e+01
1.308159148646622150e+01
1.307684615936302208e+01
1.305793115990267594e+01
1.306505536662357336e+01
1.308556549864533736e+01
1.304912470303174210e+01
1.305406818019593729e+01
1.306429135081708104e+01
1.307901879423124925e+01
1.305231751549456121e+01
1.306758492492653190e+01
1.305382162670983703e+01
1.303578145340815730e+01
1.307277537595058625e+01
1.307044043661386645e+01
1.306701560573551113e+01
-3.082061006554306370e-01
1.308054252003477913e+01
1.305780828358492229e+01
1.305982003789244672e+01
1.307546391476677705e+01
1.306542313155972579e+01
1.310060419726608849e+01
-4.136406735011690650e-01
1.304303867933538896e+01
1.305707436581207048e+01
1.307589534681439147e+01
1.304852826837421453e+01
1.306571858986454693e+01
1.305846555013465959e+01
1.304154584791473681e+01
-3.460927391350695492e-01
1.309203110706545381e+01
1.306737976513917943e+01
1.403494912692227459e+01
1.309017173316639493e+01
1.308381280547410341e+01
1.306667571478405776e+01
1.306998338594373621e+01
1.305329874665376977e+01
1.307035161695124970e+01
1.306467746330586621e+01
1.308142514584657867e+01
1.304657119447533375e+01
1.304893279090401315e+01
1.309498176253904589e+01
1.308164707808549920e+01
1.304125138517666116e+01
1.303972467152732406e+01
-3.691902219667830831e-01
1.305702148147378772e+01
1.306035216308746527e+01
1.305309944370848463e+01
1.305425414044793442e+01
1.305618656877420847e+01
1.308822147134925018e+01
-3.514314491426275833e-01
1.302835111579831384e+01
1.304803214768424624e+01
1.306530678305562532e+01
1.309656652938978283e+01
1.306067118257686488e+01
-4.521764414829358980e-01
1.307468537005025766e+01
1.310278022994332403e+01
1.306741764281509077e+01
1.304222715256383225e+01
1.309587855576755722e+01
1.308181683102099591e+01
1.304466851311235587e+01
1.305297173068452565e+01
1.305591489761087409e+01
1.304462375613130831e+01
1.305700077469773035e+01
1.306373520856265458e+01
1.314857097881125725e+01
1.309867600024020007e+01
1.305423996382165264e+01
1.306864470606108419e+01
1.307781780403843364e+01
1.307970021268606331e+01
1.305235296013673718e+01
1.303741497629187585e+01
1.404774085550572238e+01
1.304755960861720077e+01
1.304006046729757351e+01
1.304640293584205324e+01
1.308396771199872965e+01
1.406281003524061290e+01
1.309105915643777784e+01
1.306351665470506695e+01
1.307479313777129271e+01
1.305714921931509309e+01
1.310848021189000256e+01
1.305710894895483065e+01
1.305978503691568449e+01
1.305191332244809921e+01
1.307877850053202096e+01
1.305245573928975844e+01
1.307466545935977642e+01
1.306684361931854887e+01
1.306980017274798556e+01
1.050583173701503448e+00
1.306966315030481951e+01
1.308962946935798222e+01
1.306188586897429360e+01
1.308989327259891944e+01
1.307577140836662899e+01
-7.959657785170722866e-01
1.307235134576288260e+01
1.308407474916533886e+01
1.310297685024697500e+01
1.307960211035532971e+01
-3.985466750180971518e-01
-3.886354363235778875e-01
1.314229513416645823e+01
1.309048520060338561e+01
1.307118366451859082e+01
1.306701507327141698e+01
1.308305269039241736e+01
-4.001893574852556368e-01
1.307235662612034766e+01
1.309367515981893249e+01
-4.336835076829504976e-01
1.304950794037799433e+01
1.306647889307517119e+01
-3.728607717172909286e-01
1.308957718581932639e+01
1.308824277155425797e+01
1.307049518603426819e+01
1.305917546154943665e+01
1.307296755502671459e+01
-1.639265903060013185e-01
1.305596817387507258e+01
1.306923968937247338e+01
1.308853006729846058e+01
1.308176960682345324e+01
1.307687018217716535e+01
1.308959117681590101e+01
1.305430657282605189e+01
1.308223387990669551e+01
1.309820878772702812e+01
1.307471320712455665e+01
1.307403617384103711e+01
1.309968883671425388e+01
1.304864102069145915e+01
1.307679039903326057e+01
1.306591194454252758e+01
1.305092561367216319e+01
1.306660453668610877e+01
1.305429265508780290e+01
1.304643875561853328e+01
1.307401649082409278e+01
1.306066373843270156e+01
1.307616754329542452e+01
1.307174953883144397e+01
1.307082607162171328e+01
-6.227578922598011602e-01
1.307478127755743635e+01
-3.309958963571665302e-01
1.305152640866660718e+01
1.305983480701334720e+01
1.303423461024409136e+01
1.304854279972533959e+01
-7.906966192517088654e-01
1.306817020056025314e+01
1.307374847660733508e+01
-4.051633808527598246e-01
1.309357639997914013e+01
-3.793700743546296605e-01
1.304343894029697992e+01
1.306022124365373571e+01
1.309613924507285176e+01
1.305146381405750233e+01
1.306202980527633706e+01
1.304491403998720678e+01
1.307466649362103084e+01
1.306207876952701952e+01
1.308408718253546965e+01
1.305329497478984280e+01
1.305255776435478410e+01
1.306447597933684790e+01
1.308156648490153273e+01
1.306630127822663034e+01
1.308076734888490833e+01
1.307483662050533013e+01
1.304040185224642023e+01
1.306339316312194221e+01
1.306791315618249705e+01
1.308431950365782370e+01
1.304561836537294006e+01
1.304928700818683573e+01
1.305871877433964556e+01
1.305977688174257345e+01
1.307192578770656510e+01
1.304814684585286777e+01
1.305109257575413650e+01
1.307728440379441892e+01
1.303899114959955519e+01
-4.273978910983554647e-01
1.309523063349564609e+01
1.304268495820278240e+01
1.304016525259256376e+01
1.309331521773199292e+01
1.305130549150912955e+01
1.306952615903963988e+01
1.306903282659002308e+01
1.307953089659523371e+01
1.309247084945927675e+01
1.306039497518673365e+01
1.305790472239577227e+01
1.306522783713070091e+01
1.304892060801654630e+01
1.308505571005930790e+01
1.308794120632416558e+01
1.302999169178383987e+01
1.307689472651100893e+01
1.304610051847410190e+01
1.307950644655987915e+01
1.307788470195851893e+01
1.306025363531471228e+01
1.308496795699226922e+01
1.306053396848457737e+01
1.307943718317853588e+01
1.306707796395114585e+01
1.305231015561569308e+01
1.306523151416702433e+01
1.308985409173668657e+01
1.305616913460057837e+01
1.308116180998356093e+01
1.307118036481467627e+01
1.403834749809035820e+01
1.305625998737992433e+01
1.306615333134988433e+01
1.308817532200880862e+01
1.306687095757733630e+01
1.306145687049002468e+01
-3.857435908790574075e-01
1.304567337353890721e+01
1.308057949876691062e+01
1.306265997714470473e+01
1.303950910155748133e+01
1.304570710607750073e+01
1.304577250332539506e+01
1.309497793556188228e+01
1.307213605968254910e+01
1.308701354792617977e+01
1.309270233078389722e+01
1.307178559798930273e+01
1.307751206942489475e+01
1.307546552533441897e+01
1.305235467043659625e+01
1.305303231800653307e+01
-3.995085267213255298e-01
1.305286071715474350e+01
1.305433234159721501e+01
1.309023621480592681e+01
1.304068746155641634e+01
1.305961592038880426e+01
1.306314555743378492e+01
-4.112281709323094558e-01
1.304748962098254594e+01
1.305056120897340044e+01
1.305232689716635086e+01
1.306400994627041712e+01
1.303452709091589412e+01
1.303817539088711541e+01
1.306467560658102478e+01
1.308226098652311542e+01
1.306935915011608174e+01
1.305347966624942302e+01
-7.709096031233199087e-01
1.305541989915373513e+01
1.305394586553780201e+01
1.306814173342381480e+01
1.305900219416820107e+01
1.305724654972150489e+01
1.305804722941284979e+01
1.308311664713935230e+01
1.309161334879944860e+01
1.306398050547486633e+01
1.306211944178325979e+01
1.307312758470814984e+01
1.303886287651057962e+01
1.305836441789803715e+01
1.304996494611221536e+01
1.304251763197836844e+01
-4.112229307774473153e-01
1.302897754440528821e+01
1.310476541259650674e+01
-3.851759935695917569e-01
1.300464049573315073e+01
1.307789343051362785e+01
1.302707948525600479e+01
1.304402595758737604e+01
1.308267349390254353e+01
1.304886605302586844e+01
1.306511467093140055e+01
1.305590803046222170e+01
1.306486554006989742e+01
1.305984190850849913e+01
1.312311308459013048e+01
1.307270131016721137e+01
1.305451849959365518e+01
1.305543350366728994e+01
1.305863189752213849e+01
1.306361704167994553e+01
1.303801352826749849e+01
1.309884680424199743e+01
1.306432852526851818e+01
1.305674702968322975e+01
1.303464872300754962e+01
1.304291998710334965e+01
1.307922615078675932e+01
1.305882291624694425e+01
1.306462233743557988e+01
1.305322372066403247e+01
1.304295332796017348e+01
1.306510971187085168e+01
1.305373834710205294e+01
1.303442561576521541e+01
1.305198336039718399e+01
1.309856006127605177e+01
1.306860340650070995e+01
1.304855446139209185e+01
1.305816877692248745e+01
1.309003080338883329e+01
1.304653057629303170e+01
1.308632716609363733e+01
1.307820857148650617e+01
1.304257102529997070e+01
1.305366303775682724e+01
1.304489787003689827e+01
1.306598507910176998e+01
1.307676474038288816e+01
1.305737676218764776e+01
1.310243007890932532e+01
1.305717103527881662e+01
1.306805162732584691e+01
1.307210381595286286e+01
1.304627293203690108e+01
1.310287843921190110e+01
1.307735400586267716e+01
1.307098399065026939e+01
1.304313741873240318e+01
1.304158065733984984e+01
1.304850959532392807e+01
1.303436988722310375e+01
1.304853925416792571e+01
1.303825538672330353e+01
1.304502691110903889e+01
1.306646728641284128e+01
1.304816475704653556e+01
1.305706464358646457e+01
-8.108533158222106518e-01
1.304078474934660825e+01
-3.723212866721357095e-01
1.306527003610903037e+01
1.306143807643608845e+01
1.308203917119723059e+01
-2.851120821356959434e-01
1.305612866264812766e+01
1.305357263844213023e+01
1.307331219629181440e+01
-3.342315009839138540e-01
1.303794340118152206e+01
1.306582400518795772e+01
1.303430841145368291e+01
1.303967834027562489e+01
1.306695787917274920e+01
1.307144875603711043e+01
1.306076218563162961e+01
1.309331041061411938e+01
1.305032575214201884e+01
1.305807408102441336e+01
1.305928238055973090e+01
1.307255341853523944e+01
1.304335253316397036e+01
1.304979731569370749e+01
1.306711477257336540e+01
1.307530559332169773e+01
1.305237040753567967e+01
1.304855268950034564e+01
1.307106689983744729e+01
1.306334187674604408e+01
1.306083180734216143e+01
1.304139027867756440e+01
1.304360523358799284e+01
1.306753194764391424e+01
1.311356388042769439e+01
1.404487192888237956e+01
1.304488194470056328e+01
1.305071528101883871e+01
1.307857442227137135e+01
1.314427131454661790e+01
1.307580897615452287e+01
1.303745423327685415e+01
1.301973359498014382e+01
1.307041803200510266e+01
1.306533826967178769e+01
-7.124516775269387203e-01
1.304710814101318661e+01
1.302913002323808911e+01
1.304512319947133747e+01
1.305332772356446647e+01
1.304683450106622544e+01
1.301872257409597466e+01
1.303954223612965357e+01
1.309204659476204924e+01
1.305009100280015488e+01
1.306128812598718980e+01
1.307490867324654182e+01
-3.894808813672250292e-01
1.306204934928553030e+01
1.303497138541231948e+01
1.304665772373715171e+01
1.307296489710828880e+01
1.305239746896955211e+01
1.308633414953118468e+01
1.304649019200622995e+01
1.305009046952497798e+01
1.305246163689199790e+01
1.304855072360604318e+01
1.305551464360041081e+01
1.307459612852662190e+01
-8.088579085597691343e-01
1.307220987381418809e+01
1.305322195094481863e+01
1.304095697305689150e+01
1.308496302339775141e+01
1.305267939473478478e+01
1.306023637075270827e+01
-4.441273697716595636e-01
1.308949300054738707e+01
1.306419893008304811e+01
1.303443289129133298e+01
1.303859336904580246e+01
1.306591963453864835e+01
1.305258801092406529e+01
1.305751349801606409e+01
1.305348935048155212e+01
1.304575093723043722e+01
1.305407287420857187e+01
1.308428744030843660e+01
1.304392607870909337e+01
1.404059929784367355e+01
1.303103768551650887e+01
1.304616249517250104e+01
1.303856783086012783e+01
1.307647655318938540e+01
1.308616934683100119e+01
1.307016378779198540e+01
1.307391726064086868e+01
1.308098898840339430e+01
1.308296846231462496e+01
1.306942172738520824e+01
1.305293664970578860e+01
1.305627432262341259e+01
1.305114923699084173e+01
1.306339361719994585e+01
1.305106364320519852e+01
1.305456138977550928e+01
1.306276308536934749e+01
1.304366896929762909e+01
1.308782104644274824e+01
1.305772772793599934e+01
1.304082437746016332e+01
1.303576866864697692e+01
1.308207434915441958e+01
1.306193635385109886e+01
2.993846977400460574e-02
1.308433524336613374e+01
1.307002905370384305e+01
1.305216361174847606e+01
1.309635565491144504e+01
1.307120209554258849e+01
1.305218442720508065e+01
1.305147441890116866e+01
1.306481559827572525e+01
1.306498599733039612e+01
1.303969220661948647e+01
1.304006526700586832e+01
1.307957244722053325e+01
1.303648510638903524e+01
1.306927633079282103e+01
1.307812909093181730e+01
1.306591066162443582e+01
1.306560120849344742e+01
1.306471307637546886e+01
1.306922232504345516e+01
1.305748313712733477e+01
1.304887571158698734e+01
1.307083715303949134e+01
1.304499012536386005e+01
1.304779819325132451e+01
1.302999510709118169e+01
1.306658486792081142e+01
1.304152660527133278e+01
1.306201413228105679e+01
1.306759255446713119e+01
1.305494313988745425e+01
1.307252552830313874e+01
1.307634351844391674e+01
1.307466273662772416e+01
1.305130461138097964e+01
1.303603308080714385e+01
1.303637760653038669e+01
1.305965980691367534e+01
1.305465567152383422e+01
1.304520040974811401e+01
1.306430284644888928e+01
1.304186867430189167e+01
1.305503275493389737e+01
1.308453193520013791e+01
1.309453787124595792e+01
1.306451619858344060e+01
1.306776745709316323e+01
1.303980867199877025e+01
1.306020731306559313e+01
1.305149149350788207e+01
1.305276302462602089e+01
1.307267694828056293e+01
1.306364906174670182e+01
1.304733173962124937e+01
1.304142603808343637e+01
1.306455623151301282e+01
1.307790988630672757e+01
1.306570210100511886e+01
1.305560164517451938e+01
1.306255812410548778e+01
1.305117916026537195e+01
1.309969897237650471e+01
1.306477688800391945e+01
1.308555249802673259e+01
1.308279787349204959e+01
-1.313576862195769968e-01
1.307094677160223739e+01
1.308518619110190073e+01
1.304665798644582253e+01
1.306444091363549020e+01
1.304679761856263198e+01
1.304130268164142237e+01
1.309676655759209396e+01
1.305919582717884353e+01
1.307031644200631071e+01
1.306063631341728914e+01
-3.894233608636581412e-01
1.309805774909021814e+01
1.405196201658929134e+01
1.307169093330705323e+01
1.309196193308139478e+01
1.304238913468518923e+01
1.305120795328975447e+01
1.304525101962098965e+01
1.307115412096286633e+01
1.306541728940063685e+01
1.306780605688604702e+01
1.307297088052080269e+01
1.305954225882408970e+01
1.404646577393771523e+01
1.304400388368452468e+01
1.306033068526807739e+01
1.306561208818023623e+01
1.306051365843723389e+01
1.307519922076449603e+01
1.306126436324459839e+01
1.304054001647385697e+01
1.304520031743310859e+01
1.309744028218825740e+01
1.307825586376318583e+01
1.307573537032612165e+01
1.307163480110342668e+01
1.305229903257128932e+01
1.305413633984047550e+01
1.305660013389922369e+01
1.307269110486018526e+01
1.304338310214059504e+01
1.306853472578563391e+01
1.304315189722310819e+01
1.303384471545656886e+01
1.306522060518223327e+01
1.304100371772938516e+01
1.305673681064684111e+01
1.306408732523683014e+01
1.305908093391006375e+01
1.309943637211624790e+01
1.307607774411908785e+01
1.309752138984202041e+01
1.310760677136072161e+01
1.309623461581362491e+01
1.307894705065791641e+01
1.307001449150290640e+01
1.307275763821857240e+01
1.307600322028405948e+01
1.505910848548270309e+01
1.305491251712134293e+01
1.306467129714243569e+01
1.307305276518613546e+01
1.308278882496460760e+01
1.503592470957238802e+01
1.308624603600463132e+01
1.305259027873814937e+01
1.307248267489810800e+01
1.306544648522213947e+01
-3.606418978958191301e-01
1.307655855237940834e+01
1.307949126700389186e+01
1.308505347654195816e+01
1.310203394464206283e+01
1.306154905804493183e+01
1.306568927091596777e+01
1.305338023778883993e+01
1.307588150166687058e+01
1.306309742100955873e+01
1.305711004333426750e+01
1.303834146321606191e+01
1.308190108450707356e+01
1.307890363950854251e+01
1.305802720468990863e+01
1.305899243234767049e+01
1.305459578000056986e+01
1.306339650514343731e+01
1.306976128190894038e+01
1.306992311224080794e+01
1.307215206041205491e+01
1.306208314846953833e+01
1.308722046024696439e+01
1.308143959798529998e+01
1.307301763041297704e+01
1.306200657086650807e+01
1.305572011066252180e+01
1.305924149220056130e+01
1.308949903454825403e+01
1.307003593013287990e+01
1.305790654668545869e+01
1.307485323448304193e+01
1.307443384496214378e+01
1.305372988148096169e+01
1.304187110933061255e+01
1.307117332159534229e+01
1.307162129241194215e+01
1.306451199121160300e+01
1.305826152916888816e+01
1.306342828590014449e+01
1.306298033159925609e+01
1.308625473551624019e+01
1.307463071128929499e+01
1.307128824886459917e+01
1.305078868850691443e+01
1.303548132588567476e+01
1.306217058681519205e+01
1.305413199136302538e+01
1.308394289860331305e+01
1.305926573861524176e+01
1.310156921725987544e+01
1.311545644047811798e+01
1.307773944844504754e+01
1.307658716324997350e+01
1.306524942151290958e+01
1.308593590960598263e+01
1.310352494626709863e+01
1.304400650906126913e+01
1.305639223417674089e+01
1.307906616894993590e+01
1.308655833004139168e+01
1.306921628757792320e+01
1.307882865544678097e+01
1.312244365218401043e+01
1.306262066204353900e+01
1.308727438005418975e+01
1.309649587793974490e+01
1.305900470548786174e+01
1.306525197842820063e+01
1.307051880954589151e+01
1.305550029696692249e+01
1.305536725251768715e+01
1.503608118456715204e+01
-5.512418683681055143e-01
1.305636127237007571e+01
1.306201603399044231e+01
1.305926998188787458e+01
1.304185126997739630e+01
1.307471210382972693e+01
1.306045207383596463e+01
1.304313148510901854e+01
1.305778813670896810e+01
1.307014514146020190e+01
1.309132518089753283e+01
-2.841602336089914527e-01
1.307908229959067725e+01
1.307623911181322462e+01
1.307055986200629860e+01
-3.681108358079624443e-01
-9.449659126710034940e-01
