-8.398886530624356528e-01
-1.124876172344449587e+00
-7.526701130720705457e-01
-1.108828910020175584e+00
-1.467970729595442059e+00
-2.246133198614567839e+00
-1.856173708452278914e+00
-2.257077978975053689e+00
-2.508781088840426499e+00
-1.047192106125242717e+00
-1.069960852312607180e+00
-1.198399529878704906e+00
-7.350657974287280183e-01
-6.690449612747805253e-01
-5.495310607586947338e-01
-1.101815713971867838e+00
-1.203550304215704525e+00
4.714491136650088343e+00
-9.243912706498351728e-01
-8.247980068235862827e-01
-9.845967636522087174e-01
-1.086226873656429115e+00
-1.213405729918193288e+00
-7.171508666058954429e-01
-1.685878344560598929e+00
-1.035196470146140468e+00
-1.671463310085437470e+00
-7.172677569099970007e-01
-9.410848491445250596e-01
3.922113251608320361e+00
-4.467989459135299768e-01
-6.417888943127754153e-01
-7.373146811847808291e-01
-7.296180401887025768e-01
-1.741960820700299450e+00
-1.202295666769629179e+00
-9.778770518248124377e-01
-8.635947611286884928e-01
-6.331396775548669975e-01
-5.435230009135134654e-01
-8.267683497417781524e-01
-8.575037206542118762e-01
-7.162262647124231218e-01
-5.341713478456528996e-01
-3.850920879558795695e-01
-4.309563858387271962e-01
-6.969484124550429094e-01
-6.638365717212519890e-01
-8.478664405203173438e-01
-1.080694407263815160e+00
-1.054468921595485442e+00
-1.769777769980630744e+00
-9.241289219661487087e-01
-9.768996727844452277e-01
-5.857753500961123683e-01
-7.735558963485533734e-01
-1.188778440469196340e+00
-8.446198120264351017e-01
-5.378905825987017053e-01
-1.324054670990658877e+00
-6.037586136633152911e-01
4.867738308830292127e+00
-5.935625441936009938e-01
-3.702973115762042688e-01
-6.847939667508770034e-01
-1.611642224900609932e+00
-5.120964467810953380e-01
-5.353167537071901183e-01
-7.255688056006152076e-01
4.906502841331972675e+00
4.591118596128847429e+00
4.801929813974204819e+00
4.870445960347671743e+00
4.882819358192117321e+00
-5.108358273858926157e-01
-8.625934151702189245e-01
-1.399355287938639059e+00
-6.073383922855286610e-01
-7.838371699588484454e-01
4.899786870087747381e+00
4.868954042815172301e+00
4.875139970430543812e+00
-1.316139856822776233e+00
-2.800609778086352586e-01
-7.480382422092883843e-01
-5.209682492950670207e-01
-5.693819052383308765e-01
4.861116853141497884e+00
-1.646311635427280651e+00
-4.190429663741093158e-01
-1.444064044581027773e+00
-4.853312625149489579e-01
4.739675265107427649e+00
4.914586019015435348e+00
-1.119297858600672768e+00
-1.035958904129195446e+00
4.820034689002625328e+00
-6.435935411606699130e-01
-3.278716993273639302e-01
-2.325817023253629046e-01
4.347130135580887789e+00
-1.656855618794198737e+00
4.864859994010620525e+00
4.909925706392694877e+00
4.579904633434279226e+00
4.435361848054915512e+00
5.614500389355413290e+00
4.850871098815951576e+00
-5.940548586740368453e-01
4.909765025274236194e+00
4.817917922617896309e+00
4.072639197197627681e+00
4.699022366113888793e+00
4.817101310905622213e+00
-5.382591680828554548e-01
-6.026196340621645664e-01
-1.868394268993115448e+00
-8.116877200062699860e-01
-9.811978983213316408e-01
4.876456172960993207e+00
-2.603393200820406372e-01
-7.570593444882885992e-01
4.623495227708548150e+00
4.861142684730380914e+00
-2.701682820359679882e-01
5.769310030916263266e+00
4.888162612904094928e+00
4.757719816400481250e+00
4.882414674030570723e+00
-3.903429550878577681e-01
-3.620246544667531374e-01
4.815796804973450307e+00
4.888353995547425335e+00
4.881055626877184750e+00
4.864411652048863388e+00
4.404994003376269340e+00
4.776964414222299560e+00
4.914500826460074911e+00
4.914055998695271654e+00
4.820142333174804783e+00
4.906494460140583769e+00
4.901419160765208005e+00
-5.255315903345368911e-01
4.876799879352425648e+00
4.796924260017458863e+00
4.890033488217989444e+00
4.858598663226853631e+00
-2.294119403851642147e-01
4.627253656254339376e+00
4.811809000326359609e+00
4.810613698748577249e+00
4.925073974557278689e+00
-2.821743147151093423e-01
4.846623631674911614e+00
4.759883527533133041e+00
4.736584869871201420e+00
-4.910739444332715697e-01
4.849005595343577113e+00
4.729278861422053559e+00
4.750910282237869708e+00
7.566619731600439103e-01
4.717203233802018225e+00
5.612892603629415333e+00
4.834690693785590021e+00
4.787773891759345091e+00
4.510054789484631677e+00
4.817801049390929791e+00
4.733620946778897220e+00
4.732653558393442594e+00
-9.373768075208863682e-01
4.642631995046075488e+00
4.804733956909640114e+00
4.875882632602576372e+00
4.773039492186633481e+00
4.886926536830229040e+00
-9.252446094081410166e-01
-9.710659438942307320e-01
-9.254405686989271018e-01
-9.445133844803487166e-01
5.794266928413758677e+00
-9.259829414165263728e-01
4.901945858186033789e+00
4.861587227229440700e+00
4.841894069665134026e+00
4.887164529749345121e+00
-4.048161355046925314e-01
-5.850237520778074352e-01
-9.762235998447089669e-01
-8.177893024302611558e-01
-9.619540268940559580e-01
4.736985522278323035e-01
-9.128718725586558724e-01
4.913674377724397857e+00
4.825784665963963604e+00
-8.984010061552840654e-01
4.860862980268199074e+00
4.897559896357210008e+00
4.886995997668541314e+00
-8.140206032284738047e-01
4.719735266197417900e+00
-8.877172984977597103e-01
4.781061332592427604e+00
-9.175653527068428073e-01
4.858385555356490748e+00
-7.085885666856086562e-01
4.772308134345635722e+00
4.769625867327966340e+00
4.687071181302914447e+00
-9.200040222054070016e-01
4.851704491689365462e+00
-4.248208794444517933e-01
-3.979567401335819543e-01
4.885285416643339040e+00
-9.507699491321004448e-01
-2.784307823816982719e-01
4.829604213937553681e+00
4.699326709783976597e+00
4.880894234282418864e+00
4.743720422380302892e+00
4.742303641446799389e+00
4.862733036363120931e+00
4.889932222345699131e+00
4.790369600276902062e+00
4.806696464942946001e+00
5.772448879869215510e+00
4.810849084981787982e+00
4.902754438799524550e+00
4.886156598048683186e+00
4.771530684361687591e+00
4.885573833135079092e+00
5.757788181652689019e+00
4.607299256489234551e+00
4.959565796303114560e+00
4.779934804692503647e+00
6.819391774621046842e+00
4.892240239279013636e+00
4.860674350712962166e+00
4.843314559870361968e+00
4.831994026321110525e+00
4.895108292210618828e+00
4.825480610136121840e+00
4.775489847431817481e+00
4.835032177829798883e+00
4.865249793408617407e+00
4.937512520748391864e+00
4.915189199258223063e+00
4.852424068041035987e+00
4.910738686739767545e+00
4.902873713705823810e+00
4.770523174046390480e+00
4.789528882683737443e+00
4.840177614588986543e+00
-5.115422707636014810e-01
4.162848551477503101e+00
4.830475451612186610e+00
4.739433900862099591e+00
4.849684762696015561e+00
-7.309786887604678984e-01
4.899117365974645644e+00
4.842259828152387868e+00
-7.188480204837303100e-01
-7.955118636861269188e-01
-5.082528103152542664e-01
4.886605585286209141e+00
4.807067775399858078e+00
4.927842049953746972e+00
4.732597442504454577e+00
4.836025962700050584e+00
4.866217857133706914e+00
4.814642593079675237e+00
-4.891424660191503460e-01
4.756438315022339047e+00
4.898922921994413926e+00
4.814918387080581397e+00
4.888048156826366508e+00
4.892335989856966272e+00
-4.508208831268127881e-01
4.860467294345742317e+00
4.835109572899076724e+00
4.915486884073422935e+00
-4.856572006961488164e-01
4.884130629522420719e+00
4.886717312741815533e+00
4.857631313248271354e+00
4.888068399443956658e+00
4.812640932894822754e+00
4.789940834517308232e+00
4.844162706129182538e+00
4.876501672373004581e+00
4.892754381178626488e+00
4.664127038428691918e+00
4.798871136836813989e+00
4.867820474912795348e+00
4.666752443313206378e+00
-7.314019618494397301e-01
4.626603008411113827e+00
4.799502335451709456e+00
4.689363485750194016e+00
4.629039054648965035e+00
-7.958097936925556670e-01
-6.103806273809810889e-01
4.757689164542899363e+00
4.614533104212942050e+00
4.523581725507114015e+00
-6.140418045644309153e-01
4.888028513889015159e+00
4.319211942815922356e+00
4.614845513614877603e+00
4.546263728832006024e+00
-5.331508112352048023e-01
4.821709907109642756e+00
-4.859076695723093531e-01
4.785324682369470395e+00
4.772586063867452211e+00
4.738931432707685687e+00
5.744146461159381545e+00
4.701797219084155266e+00
4.820712935090849527e+00
4.855147191293185394e+00
4.689983154196307069e+00
4.839701843904084200e+00
-5.701656398887435806e-01
4.684802075750118533e+00
4.784290124903828101e+00
4.644357055820344193e+00
4.540813386006336216e+00
5.397207143515213801e+00
4.757476019083769714e+00
-8.531692955021282776e-01
5.649910551040233209e+00
4.571852981173861075e+00
4.529429471383968675e+00
4.729213207059789426e+00
4.744400052303056725e+00
4.823803345359131356e+00
4.766696177049519534e+00
4.771004840337879749e+00
4.777039283648488066e+00
-6.546814889028931272e-01
4.700641719569815358e+00
-7.460006403444769951e-01
-6.401292694127819205e-01
4.775325323939918931e+00
-1.231071862998013078e+00
4.768640476648384308e+00
4.719484938640813532e+00
4.625795529211639945e+00
4.777388344299565937e+00
4.663200368105483662e+00
4.607781236790946977e+00
5.205708283051131424e+00
4.679124454331440752e+00
-3.568575021609163844e-01
4.768649982809469279e+00
-8.008773349959656951e-01
4.836790022028195857e+00
4.678366309256325017e+00
4.645604980736624867e+00
4.799867717448675464e+00
4.725603055173454692e+00
4.883752531945365405e+00
4.766705485991768576e+00
-5.558845869030504261e-01
4.896924836193718988e+00
4.804640176961722631e+00
-4.292464397658365405e-01
4.687274342207295774e+00
4.871317629216855849e+00
4.668545327382033427e+00
4.789068143428271362e+00
4.908112946370358998e+00
4.907272427353150945e+00
4.745483931322725724e+00
4.815400201070924702e+00
-6.770468770249143953e-01
4.656655971816650919e+00
4.810065758567551697e+00
4.721093503147381298e+00
4.871649073218033088e+00
4.889228674500204264e+00
4.781257277585712728e+00
4.858473668391976474e+00
-8.455211451472133266e-01
-4.698441939929934863e-01
4.871015709376707470e+00
4.870802744171975007e+00
4.865083479607180905e+00
4.851564213907243683e+00
4.550106198643764976e+00
4.787442211745242204e+00
4.728477114458495834e+00
4.825867080141943433e+00
5.842295021914365449e+00
4.819907518204606944e+00
4.858125152569109595e+00
4.879304220250745061e+00
4.855304523863860133e+00
4.891798642531086649e+00
4.783828672317648412e+00
4.913359653012097539e+00
4.761016985336711471e+00
4.826390572756750430e+00
-4.041498936864162950e-01
4.810361976973408282e+00
4.791275458342254545e+00
4.844413488908388743e+00
4.922612153818563208e+00
4.800306802943886453e+00
4.891915217436308083e+00
-4.357408736605791200e-01
4.795903888920304503e+00
-8.778015008057820090e-01
4.793223312771548450e+00
4.871231424880789973e+00
4.848989852647804355e+00
-3.309672085035174627e-01
4.769180631209780863e+00
-9.054240100806990599e-01
-8.725398947770117708e-01
4.795865519583998093e+00
-9.646632250440658751e-01
-9.952176886116790300e-01
4.791090671891724995e+00
4.892918189360771386e+00
4.565609698483465095e+00
4.818526198231769087e+00
4.692099134515915537e+00
4.367548683506422336e+00
-8.234868201331091431e-01
4.776278408792498098e+00
4.717548683309756186e+00
4.743127864825579465e+00
-8.853680467808330290e-01
4.874417918343794121e+00
4.762435321084405260e+00
4.858080304626001933e+00
-8.163499645714590303e-01
4.889979324225970814e+00
4.863533314409748343e+00
-2.913009291396684297e-01
4.791172374010709056e+00
4.882136458088815800e+00
4.819649891188785062e+00
4.773154483253564173e+00
-1.057716622106999127e+00
-2.142305698772146716e-01
4.895318656177622962e+00
4.891997959771144266e+00
4.861106684006199607e+00
4.810704869245928883e+00
4.890883605127941181e+00
4.903524662825812896e+00
4.874502560733628975e+00
4.883089881452628234e+00
4.912195194138035070e+00
4.860533887997190661e+00
4.678332542050130272e+00
4.865462879099228033e+00
4.902067642867082853e+00
4.893592726679752758e+00
4.787711803496963014e+00
5.838340690423877710e+00
4.904941538792554567e+00
4.806855404197552417e+00
4.914332404694297551e+00
4.908682328222161217e+00
-3.362673229535734221e-01
4.841403445077871126e+00
4.802072842474702341e+00
4.889932737728424073e+00
4.873754837828214725e+00
4.884479519956552274e+00
4.851412779808584652e+00
4.887828841241553590e+00
4.885540185329731777e+00
4.770413663825393336e+00
4.873476568089862404e+00
-8.264095683251884150e-01
4.902076917249191368e+00
4.920224103231882751e+00
-2.809676953562190160e-01
4.904286603045738602e+00
4.835184102998429267e+00
4.880148966265402066e+00
4.860715097952434505e+00
4.924926601317723751e+00
4.871196417496970632e+00
4.851917682346782001e+00
4.889566780679118096e+00
4.810972554348754926e+00
4.851105111173808382e+00
4.870406391960138137e+00
5.793628963767899265e+00
4.749183328811916738e+00
4.893969939068918862e+00
4.923165665203972807e+00
4.878084336802480436e+00
4.912593179949880096e+00
4.869170431378995190e+00
4.875902232533360525e+00
-1.002279220109116631e+00
4.858246530038323741e+00
4.864857855813747634e+00
4.888547691575252152e+00
4.844186534432270541e+00
4.904589517596122938e+00
4.842177980566098938e+00
4.900863154207608652e+00
4.880556758867824918e+00
4.848940274611312162e+00
4.898943208759760637e+00
4.857543948493989738e+00
4.806425440626751033e+00
4.821476477391700044e+00
4.769353261660331356e+00
4.742539186486292024e+00
4.888273230420702831e+00
4.837529053766347786e+00
4.841087085073967344e+00
4.870017672504815209e+00
4.887680655178302302e+00
4.846455035150228241e+00
4.868666648375537420e+00
4.902893165119428076e+00
4.863343962929782549e+00
4.928802246979417490e+00
4.905481215839804676e+00
-7.536424856624613922e-01
4.806689553440376628e+00
4.869829578900705336e+00
4.888466250296384707e+00
4.907498936925599686e+00
4.924468795300350976e+00
4.837880970627940869e+00
4.898449669154263830e+00
4.842762812196980349e+00
4.806800235953442524e+00
4.856292323398546884e+00
4.862913786526991800e+00
4.593053579080360826e+00
4.823062377095224562e+00
4.895365109865648989e+00
4.724402637820994677e+00
4.871218934594519823e+00
4.682240903937906040e+00
4.876968727121888669e+00
4.770070039684502383e+00
4.921978285269584141e+00
4.890433473021957411e+00
4.902320767675234947e+00
4.916106054216520249e+00
4.910292054820033947e+00
4.575237153020366598e+00
4.770952139642840706e+00
4.932980540528949298e+00
4.851267609671419123e+00
4.891741036502023299e+00
4.734957339914334540e+00
5.865366502214071076e+00
4.774440211995093719e+00
4.891997801030644411e+00
4.921862851957452101e+00
4.839837513454430251e+00
-5.457709149253562320e-01
4.821834679120075684e+00
4.880204712166085201e+00
4.839276501930118712e+00
4.919486924805600125e+00
4.881680047529584954e+00
4.862535645191449873e+00
4.161291184108748098e+00
5.900662435148151808e+00
-7.123731235623729230e-01
4.795329985622892366e+00
4.733025136689110290e+00
4.879575099831370721e+00
4.870855353254144759e+00
4.805468262538942881e+00
4.912907728534342766e+00
4.932885903937629379e+00
4.445256854974335425e+00
5.744204839606192436e+00
4.446108860899451898e+00
-4.784003055875096777e-01
4.690157450131938965e+00
4.871496057958550452e+00
4.760247912005222126e+00
5.891945150080714733e+00
4.893464342248671883e+00
4.939013614966004440e+00
-3.579015897247538325e-01
4.866262543039683308e+00
4.859748522708693841e+00
4.899373275380869863e+00
4.838728856225086972e+00
4.902144660155643763e+00
4.887790062473872155e+00
4.899532732772141408e+00
4.854936208133310060e+00
5.820021562858949338e+00
4.884881146557924936e+00
4.900792553129586615e+00
4.801645091679318078e+00
4.748889575492881931e+00
4.702972097519543482e+00
4.919149687294895656e+00
4.877537398680910741e+00
4.892852226164198903e+00
4.844676050583546001e+00
4.720028840917821711e+00
4.887312677728808730e+00
4.864202874470748839e+00
4.921796385467252399e+00
4.816860579745116056e+00
4.455967126576563686e+00
4.891802653974036907e+00
4.896312332242598764e+00
4.836664309649174598e+00
4.931744019523049971e+00
4.904931818288011058e+00
4.830265703468800353e+00
-8.026042386679710372e-01
4.907050209896584470e+00
5.850760181821433648e+00
4.904688701943105578e+00
4.867274902415301696e+00
4.873423621014016049e+00
4.906743537516060627e+00
4.888184174624018219e+00
4.906503708448244794e+00
4.923860566956236084e+00
5.878541658038560769e+00
4.878381496740955114e+00
4.833431153661486235e+00
4.900001469719175162e+00
-2.920464014647098372e-01
4.865687915668795327e+00
5.717878396723779844e+00
5.763066061033274678e+00
4.854615526886535193e+00
4.858448469053542773e+00
4.898666915935715238e+00
4.896213311507255028e+00
4.903694575168563219e+00
4.642273461321695827e+00
4.897193588693010469e+00
4.847384822818868955e+00
4.707267520473171984e+00
4.895713468823499781e+00
4.899283929168354312e+00
-7.311012066370723428e-01
4.874691802428785969e+00
4.727839005663317273e+00
4.729275304310050387e+00
-6.030528664709948750e-01
4.885978684328371457e+00
4.798220960095601839e+00
4.909729722803124474e+00
-7.683029827681153723e-01
4.890687896214505948e+00
4.901632513798949375e+00
4.911783232992291026e+00
4.692227693360522700e+00
4.735596577821125308e+00
4.893798454166440770e+00
4.885333659424260233e+00
4.727245102571418833e+00
4.697330334398158946e+00
-1.944137290291805265e-01
4.931941442332655967e+00
4.751143133448190170e+00
4.894569906746957244e+00
4.861671207155649377e+00
4.895740270296494501e+00
4.912750792642945896e+00
4.935337203746459345e+00
4.931870516870896282e+00
4.928178849894081281e+00
4.913371937303865344e+00
4.649472201390055126e+00
-4.881012499397880955e-01
4.920600138072197538e+00
4.910594303230746860e+00
4.660967604083239735e+00
4.880822530421860428e+00
4.897190234287506883e+00
4.798074626817436794e+00
-5.006786691119571309e-01
4.896788255521586031e+00
4.925225878296558335e+00
4.897449090630079382e+00
4.840753713684393666e+00
4.851860553292375755e+00
4.932748094375091874e+00
4.878428881147096163e+00
4.932045117842215554e+00
4.869530388269028620e+00
4.867129195974245093e+00
4.861837419038719688e+00
4.848543406743495154e+00
-4.582646416917544041e-01
4.876093311080897053e+00
4.882897430597437527e+00
4.908546735466511990e+00
4.896294408441087320e+00
6.865272243615402559e+00
4.878986870492417083e+00
4.862832760089665030e+00
4.908171883407526082e+00
4.912408092130704063e+00
4.861838060857424537e+00
4.898468108886410377e+00
4.891509955838224677e+00
4.893973780172304444e+00
4.892478077894737432e+00
4.899079336065029544e+00
5.900002077555276614e+00
4.883110794101231278e+00
4.847599983961388581e+00
-2.311446747995292705e-01
4.903497479530713576e+00
4.931844472091489351e+00
4.899324156929247387e+00
-4.968002222308173232e-01
4.930840426855528591e+00
4.871035077742044805e+00
4.926620080451537653e+00
4.915955535862053694e+00
4.930152687263153588e+00
4.913579978883074517e+00
4.870301848808623824e+00
4.892278214127307123e+00
4.873846752665100368e+00
5.786627680344802016e+00
4.824978611126098826e+00
4.911560100302315490e+00
4.916821766998225485e+00
4.915347557631986497e+00
4.906351907711923310e+00
4.896513075320209296e+00
4.922809511248581238e+00
4.919208068505469100e+00
4.903832653432373512e+00
4.889313964210134422e+00
4.840627927795267738e+00
4.878933198690190487e+00
4.882769169867788861e+00
4.890003427472409570e+00
4.903734566758746638e+00
4.945920701287519705e+00
4.902057238041348519e+00
4.720468144484669004e+00
4.890193505425100895e+00
4.745085296705253697e+00
4.876003392589569607e+00
4.816822099420285497e+00
4.878699430297263717e+00
4.910906837660622415e+00
4.862563054036633581e+00
4.881982109571562312e+00
4.908787123401895158e+00
4.852534932959281733e+00
4.882929501413869389e+00
4.830796204671138128e+00
4.856019615044555593e+00
4.859774654708961528e+00
4.941094299440280224e+00
4.909846531314356888e+00
4.894764557553734186e+00
4.817950966406850277e+00
4.882452082041113250e+00
4.929552919263239019e+00
4.867412832546817114e+00
4.927941997728716217e+00
4.930195276160030282e+00
4.847807357416002105e+00
4.940240559374086793e+00
4.882295388031879568e+00
4.914676896086954905e+00
4.915971427431792051e+00
-2.358801280789154520e-01
4.878222016240599146e+00
4.900859588619880469e+00
4.847931563305972524e+00
4.881091914922066621e+00
4.818917770729786554e+00
4.801146314263159631e+00
4.882566541200494825e+00
4.859097792712339547e+00
4.877488617309796659e+00
4.911717267434991818e+00
4.906480762671015405e+00
4.939728854932914359e+00
-5.256600167495669718e-01
4.867914219851257940e+00
4.901057697600188945e+00
4.918323478067735621e+00
4.917269267050588866e+00
5.891881455702314696e+00
4.896621808108413632e+00
4.873329542955918470e+00
4.879419670250978669e+00
4.796421978940934139e+00
4.903755268281027035e+00
-2.696385747601460769e-01
4.898368581140345235e+00
4.953575381636767361e+00
4.934301526193765497e+00
4.886587294429697970e+00
4.905676737548890998e+00
4.918817289621328470e+00
4.928438810471297948e+00
4.796003921935819037e+00
4.884708959140072970e+00
4.936779982020452096e+00
4.933651344940076733e+00
4.884223452095122653e+00
4.912332711903465210e+00
4.896036721963110239e+00
4.906196266367095049e+00
4.914121929693870072e+00
-7.486597798543513926e-01
4.925896322763470891e+00
4.896273826242177662e+00
4.917999791397253517e+00
4.875903192261922037e+00
4.888928207030494910e+00
4.818196848782454467e+00
4.934886298775566615e+00
-3.424299770584817715e-01
4.820981369105717285e+00
4.890419488702147710e+00
4.907359395157470772e+00
4.921189298660898714e+00
4.896957776148630259e+00
4.870351815831214459e+00
-2.731937849120797956e-01
4.889608137201889804e+00
4.903898514826778410e+00
4.896281369236143988e+00
4.918084179065311368e+00
4.791730584967431206e+00
4.898840935928266305e+00
4.909209658316035174e+00
4.878218237804973434e+00
4.906838121139520226e+00
4.889400522303160912e+00
4.913078041292930465e+00
4.847821074971058408e+00
4.885675215328181054e+00
4.943331912235424674e+00
4.868646463909900746e+00
4.888882949749350004e+00
5.829537481563964008e+00
3.831471310290694099e+00
4.928926193360590347e+00
4.913000699268094351e+00
4.895445609939668152e+00
-8.451245531740455563e-01
4.904005517424815608e+00
4.912708323650807785e+00
4.829026900327761496e+00
4.759975128545967493e+00
4.847153691288335509e+00
4.889833042739036628e+00
4.902896868446318557e+00
4.851287097623244726e+00
4.855502864671752405e+00
4.920205111773578111e+00
4.939005553814250327e+00
4.924970709014836245e+00
4.825397249275457767e+00
4.849788674990412218e+00
4.878355750052875806e+00
4.928829818789976613e+00
4.838048603397956171e+00
4.936201771619262324e+00
4.905556755402426639e+00
4.891864130908942343e+00
4.850891143577917397e+00
4.848781918077004427e+00
5.793445410189077549e+00
4.818822164304629396e+00
4.857248271360409930e+00
4.854699568065997894e+00
4.924545131966237221e+00
4.892944536501133257e+00
-3.123569708694897695e-01
4.921326663610342322e+00
4.907101410229167016e+00
4.895337843372763231e+00
4.888962171371857401e+00
4.927492209465063056e+00
4.915199282362861410e+00
4.889131997025776499e+00
4.920473540317878758e+00
4.896148012737478794e+00
4.940760220540148850e+00
4.921679675272454091e+00
4.842265339517698663e+00
4.916229962293475531e+00
4.846202981355697936e+00
4.903944514566553892e+00
4.871169394229420746e+00
4.887622815985812608e+00
4.914519686497157203e+00
4.823769928129573614e+00
4.935589183416666970e+00
4.928806526296828139e+00
4.933425354603584445e+00
4.933261078114341558e+00
4.939419142371218818e+00
4.946829807874616236e+00
4.921512235396960477e+00
4.924794660976957950e+00
4.928383062531207948e+00
4.915139883884216410e+00
4.829940624939307980e+00
4.866416996564192132e+00
4.907846394547221713e+00
4.889500655207561053e+00
4.921778818219007867e+00
4.832355031118671818e+00
4.903271078735637722e+00
4.889784015177002452e+00
4.836567311867465691e+00
4.876791025109085354e+00
4.884373565393653749e+00
4.890893992047326222e+00
4.868353549553652293e+00
4.879311962784298018e+00
4.884825294461806244e+00
4.847766783276775904e+00
4.936634483493450354e+00
4.877959962600715293e+00
4.823197719721400212e+00
4.870022322602695297e+00
4.896129013643283123e+00
4.939962729656585338e+00
4.925269744136624439e+00
4.917737186988506259e+00
4.915295811979818907e+00
4.872411373396497325e+00
4.874203245562042319e+00
4.891543089636870789e+00
4.922800955749609741e+00
4.958432109952841671e+00
4.891196583753300686e+00
4.891159239034532646e+00
4.926293394183838714e+00
4.903934905106353881e+00
4.857205524958516207e+00
4.928307688448297696e+00
4.911535328048912241e+00
4.927315130860820069e+00
4.929752520949376660e+00
4.938979365132638577e+00
5.886076297797524504e+00
4.881678768532933255e+00
4.948580738995497441e+00
4.888305177518408762e+00
4.934020073052560740e+00
4.867311573853300821e+00
4.890699247792853477e+00
-1.936421345925594117e-01
4.920555559285761049e+00
4.924065573807038909e+00
4.888291723464671890e+00
4.839878985042522785e+00
4.923426562035661647e+00
4.869495864947587904e+00
4.873050265925998659e+00
4.895719164155504899e+00
4.890360389693911181e+00
4.901541667074487130e+00
4.895425035671210345e+00
4.930658162803152500e+00
4.922355646453222100e+00
-2.490456603402074753e-01
-3.274721457915774625e-01
4.930460697804321057e+00
4.883820771385179782e+00
4.904315920261937300e+00
4.904525468057573612e+00
4.910180000566509051e+00
-7.303595761572287959e-01
4.902615814201672251e+00
4.896584924342083589e+00
4.875263057077576789e+00
4.919831370706887697e+00
4.902263905990432491e+00
4.894781932962906090e+00
4.887053768709566981e+00
4.864900833124695012e+00
5.848608026089287648e+00
4.926269956501635683e+00
4.885859128541897967e+00
4.860969891812063182e+00
4.890945176770699732e+00
4.876936005545570829e+00
4.877401545274357986e+00
4.883732614013716500e+00
4.901642977051978711e+00
4.855498385261593164e+00
4.841491464219355834e+00
4.907526114083260893e+00
4.912151600611473157e+00
4.905473258116616719e+00
4.864601380930015040e+00
4.932436287906701189e+00
