4.862992929254112084e+00
4.897172412222744242e+00
4.870340422960774518e+00
4.899967839237955758e+00
4.923322073909403684e+00
-1.870009349296127166e+00
-8.470331277814802107e-01
-1.728625001631589164e+00
-1.573404151292863595e+00
-1.313634225435537761e+00
-1.306522821035281723e+00
-1.325841803987217293e+00
-1.528662994185237434e+00
-1.307437561997363051e+00
-1.266440751957709221e+00
-7.737616561360887157e-01
-1.627189581657835671e+00
-1.292067169740918953e+00
-1.828721326038374784e+00
-1.194342676528743485e+00
-1.318430827670110439e+00
-1.386032004950442653e+00
-1.391267803294775174e+00
-1.491476125213812676e+00
-1.470660845992355581e+00
-1.995094625648848208e+00
-1.309296681803693296e+00
-1.376784790040441520e+00
-1.291907067574569190e+00
-1.320340509680134389e+00
-1.314092678544859893e+00
-1.340484039080835243e+00
-1.319280357235353085e+00
-1.775265463876454231e+00
-1.621026793336187266e+00
-1.606131965222830082e+00
-1.328175362567534101e+00
-1.294215376450208455e+00
-1.589906198635442358e+00
-6.728257075080019689e-01
-9.245521676005354905e-01
-6.477900939646947798e-01
-1.832000311216628319e+00
-5.143135253510550120e-01
-7.762240127697872527e-01
-6.635738665540109604e-01
-7.538632380163182711e-01
-9.615247237315457385e-01
-6.958626410764408021e-01
-6.851174779922433178e-01
-9.413847736484124429e-01
-1.823339176980572018e+00
-5.033909749127329913e-01
-1.464151304607558268e+00
-9.844661991265477585e-01
-1.053459222538704720e+00
-8.919344458864935099e-01
-7.801728692065814652e-01
-7.160566147034819195e-01
-1.227302710173100664e+00
-6.919247779220639716e-01
-6.281842230310720199e-01
-5.280502270745106586e-01
-1.840095772048256251e+00
-9.758074790505173457e-01
-7.261723924309453349e-01
-1.867456614525015990e+00
-1.143850604599223608e+00
4.914737024436599100e+00
-1.162190154106338413e+00
-1.108372780537183466e+00
-1.240906071980428349e+00
-9.654840304917134963e-01
-8.784594214253054201e-01
-1.001444087056756249e+00
-1.314724839468262907e+00
-8.807051781476966656e-01
-1.240605312987584918e+00
-9.346483227953678030e-01
-1.075315746268741268e+00
-1.649141775548560673e+00
-1.277811949041219863e+00
-1.282923049957712225e+00
-1.106257209924676577e+00
-1.186118828236647493e+00
-1.330631141851815746e+00
-9.809754632884692960e-01
-9.785078658892258918e-01
-1.208159893843163468e+00
-9.144334980619908126e-01
-1.041783670533700690e+00
-1.118068715335928776e+00
-8.819464309044184880e-01
-9.986269958968929661e-01
-1.391268631958694435e+00
-1.418246301183925695e+00
-9.230779085220921498e-01
-1.152338202828750102e+00
-9.880261392040119439e-01
-9.827699311089123091e-01
-7.796418211762463635e-01
-1.072324053119722898e+00
-1.251494971509563126e+00
-1.089713463524883741e+00
-1.014649611219810899e+00
-1.164612714450000253e+00
-1.061814323285609873e+00
-1.150200655649179282e+00
-1.452967062980886404e+00
-8.535491548416804797e-01
-3.264756109300028797e-01
-4.529577507030219108e-01
-5.027317897010378234e-01
-5.271901097201139308e-01
-7.100962967688284611e-01
-8.846700644882630193e-01
-7.276762455386320827e-01
4.886865218051234194e+00
7.764053266108270623e-01
-7.282864097805178405e-01
-7.906978863673531643e-01
-1.836600403528882985e-01
-7.703931195091009432e-01
4.912775214829565584e+00
-7.721510638131814375e-01
-7.630493590297028339e-01
-8.034052354072960256e-01
-2.186632392800118563e-01
-7.616864896323098932e-01
-7.933134880215735318e-01
-8.251393380936121735e-01
-4.148725368480015163e-01
4.887090901167979951e+00
7.221145968655606762e-01
4.746737078023070211e+00
-4.420864483291186975e-01
-8.209375015107248652e-01
4.853529959227572022e+00
-4.625330034931454115e-01
-8.362834070589365565e-01
-8.085263241695825887e-01
-7.764104889352190231e-01
-8.044433703966153981e-01
-4.841556147629813012e-01
4.899652375061599230e+00
4.884582594948355450e+00
4.885961243193502668e+00
-3.868043107571638162e-01
-1.872123009434759622e-01
-2.372286590625771741e-01
4.919806210052423801e+00
-5.297490074155180029e-01
-4.805497637254323440e-01
4.914299163515784663e+00
-4.620769501511458044e-01
4.968080890713207687e+00
4.936581863095472755e+00
4.815315900350693568e+00
8.502261539838800175e-01
4.895563902675247547e+00
4.873299329992864415e+00
4.907031690583057326e+00
4.909487447974346885e+00
4.962551193088264867e+00
4.907068747878772896e+00
-7.414512847289023156e-01
-8.300610003047435015e-01
4.933271591447006443e+00
4.886130282924559864e+00
4.916029534384092514e+00
4.926739118605919288e+00
4.941819064986249899e+00
4.899577919876625387e+00
4.921350998489765871e+00
4.930724989012707837e+00
-8.404797269950496919e-01
-8.535070013655378096e-01
-8.270872108408311441e-01
-8.204770069188178638e-01
4.879374469769988565e+00
4.916890537004043438e+00
4.941102959912015535e+00
4.872674533144197184e+00
4.906739993598055349e+00
-8.574554036835769777e-01
-5.008624084465133075e-01
4.896517900463329021e+00
-7.555874116638534588e-01
4.844076519629877176e+00
-7.816733637385122613e-01
5.725523439484939914e+00
4.957441974045279309e+00
4.809088526845671119e+00
4.943371711614647168e+00
4.919989838364885237e+00
4.927975871649945105e+00
4.857724095242772933e+00
4.912247744795992688e+00
4.834191773574561424e+00
4.899167788675136137e+00
4.877142862509342258e+00
4.786110976258955318e+00
-4.837243558292529944e-01
4.702760159891020031e+00
4.956426991106213542e+00
4.872581688335156258e+00
4.902000912421653034e+00
-8.775890359899730653e-01
5.866672216696643183e+00
4.889796179155112554e+00
4.869831830902105807e+00
4.893117411819441820e+00
4.871742502018042487e+00
-8.269233949396659344e-01
4.654764626652946546e+00
4.933075952694396804e+00
4.932941697488633537e+00
-8.334581325792573825e-01
4.895382753872598691e+00
4.917024516960492697e+00
4.887457618037952756e+00
4.878575700685638949e+00
4.889572393620449375e+00
4.892052861368791028e+00
4.837564148268559627e+00
-7.877363799329325511e-01
-4.188353009847916031e-01
4.863597876580138646e+00
4.931554854248505038e+00
4.818876129193737867e+00
4.866277840428418600e+00
3.806902922664139322e-01
4.925857461092535416e+00
4.912640308083082274e+00
4.912066240041342624e+00
4.928867131552386205e+00
4.929939125992298443e+00
4.931037658589477957e+00
4.920154890456320373e+00
4.912052337089733101e+00
4.888149941689282407e+00
4.906302440913992591e+00
4.880309722800638461e+00
4.912336823320037738e+00
4.934991300455293661e+00
4.919335830967787260e+00
4.861901676156534791e+00
4.877422934338005334e+00
4.904193900573008413e+00
4.889887557732331302e+00
4.747340963025266980e+00
4.890046191673685705e+00
4.912445897924463623e+00
4.882480813614714421e+00
4.885400250443581172e+00
4.881492667871031088e+00
4.929925683722348850e+00
4.816025772717486220e+00
4.915483543326733873e+00
-4.526019120893574055e-01
4.883740496686234778e+00
4.926439359682404096e+00
4.910011194401871393e+00
4.128334760498665545e+00
4.899948691710917181e+00
4.874987006234629661e+00
4.924367588216116864e+00
4.921628957866878373e+00
4.887830732455203275e+00
4.909958031985495630e+00
4.898560265307275507e+00
4.940857284907547609e+00
4.940389699180284033e+00
4.934236193307056872e+00
-7.582574512812059186e-01
4.942222050778387832e+00
4.971138609459849533e+00
4.905131540182267713e+00
4.872333784588978922e+00
4.867924255050711579e+00
4.933055889134404737e+00
4.922422192810878450e+00
4.894464558154976608e+00
4.790437756798368696e+00
4.938010856867541598e+00
4.891088206531145843e+00
4.901820725804895140e+00
4.878419031827290198e+00
4.859664360847839149e+00
4.835689807512709493e+00
4.841796396309124617e+00
-4.727357698366945193e-01
4.904619176740133035e+00
4.888144336685882330e+00
4.941189962500107669e+00
4.820641483328116372e+00
4.918706900537843651e+00
4.899925113535089416e+00
4.787515560545267945e+00
4.904168407501244609e+00
4.874964636507435500e+00
4.937634867553966522e+00
4.941911866749638449e+00
4.913937387827649772e+00
4.935161405399442813e+00
4.894511052643073512e+00
4.887136449996110521e+00
4.884240441408348232e+00
4.868216451563073477e+00
4.907057080339514599e+00
4.929650730906087297e+00
4.891136837933185433e+00
4.823729528929675325e+00
4.932265337780618708e+00
4.909372866684608816e+00
4.903782219279689158e+00
4.895777389416303471e+00
4.948656024417481092e+00
4.923385662918450478e+00
4.901590523166015956e+00
4.889115714236236698e+00
4.824684008350637043e+00
4.934885655696049866e+00
4.911532120537654755e+00
4.922158391185928572e+00
-8.274060179450883901e-01
4.899683354138234748e+00
4.959364810539547364e+00
4.906124699348062279e+00
4.916870008746045073e+00
4.884159672553400888e+00
4.936299321015757968e+00
4.911078179503195251e+00
4.928639626114481587e+00
4.820961359783100697e+00
4.855094464447427427e+00
4.916630007184043194e+00
4.891628979911557096e+00
4.884777848121517607e+00
-7.936467235825295230e-01
-4.823756584640828127e-01
4.941997949844347815e+00
4.931885732811322143e+00
-8.208052252658534220e-01
-8.452544009150063653e-01
4.919934064844729171e+00
4.852653328524512588e+00
4.892928158707264608e+00
4.960955770118697927e+00
4.932665907065532096e+00
4.917882572769633143e+00
-2.457225742796254053e-01
4.836028212640180790e+00
4.881540123740858661e+00
4.913975949618880179e+00
4.922397825264054561e+00
-7.397943733137108957e-01
4.885358764148696409e+00
-2.397416341410788521e-01
4.933540271343751726e+00
4.951032463807614192e+00
4.928541714080592051e+00
4.876904234325866838e+00
4.777035286197962805e+00
4.874606648254931507e+00
4.882264566039832943e+00
4.859958498732021681e+00
4.912153194623238406e+00
-7.907672790697513054e-01
4.893641529314601613e+00
4.891631893006145759e+00
4.905872885411711515e+00
4.949044176703282893e+00
4.862449671957506325e+00
4.923430209580810235e+00
4.759309098027564744e+00
-8.082704377626108716e-01
4.883779818002684792e+00
4.913129001855736533e+00
4.923581349236838101e+00
4.899146907784718508e+00
4.910206767413917817e+00
4.943623229257467777e+00
-7.664442459058944390e-01
-5.582841954207626856e-01
4.934392107353369639e+00
4.917142564386843162e+00
4.942501843553224639e+00
-7.408066157103487814e-01
4.823204293211961868e+00
4.917916926948308287e+00
4.950051764668354615e+00
4.898690301733288344e+00
4.922202592012676625e+00
4.887988709886521121e+00
4.923859797553324924e+00
4.943621546578561343e+00
4.903964813963906266e+00
4.920842518614351846e+00
4.911546751757382090e+00
4.857696589986157498e+00
4.938193427856393036e+00
4.877433599493805616e+00
4.913026934180904526e+00
-5.147285361135415238e-01
-4.694761437422338979e-01
4.910205767871379301e+00
4.922414005707743456e+00
4.913261140451961495e+00
-5.386148340801970580e-01
4.953700604548327391e+00
4.918058310925065513e+00
4.853314646579538483e+00
-5.128386674407094947e-01
4.892575377844786466e+00
4.937440230830420163e+00
4.891302806643247791e+00
4.848394877497335997e+00
-4.491098988380156642e-01
4.726972323633207296e+00
4.939128257345736017e+00
4.875169567216560473e+00
4.905882868312387401e+00
4.939094036007775301e+00
4.868233836156523608e+00
4.938617662528631769e+00
4.894158080140437406e+00
4.819500493997805890e+00
4.918534718858992960e+00
4.912472211361594177e+00
4.954972698382092311e+00
4.919925926534023830e+00
4.901248240664800804e+00
-5.125452288041383309e-01
4.920558605088951154e+00
4.855748271786652026e+00
4.899200715970140507e+00
4.841523484771015795e+00
4.884277218947038257e+00
4.904715044062875506e+00
-4.641656710073172043e-01
4.939105532086413675e+00
4.848522564345166153e+00
4.895743770100350112e+00
-5.020854173722227864e-01
-5.750183313484880099e-01
-4.392370361894847308e-01
-7.890518347517850861e-01
-5.208222092386445290e-01
4.831735344433697676e+00
4.872366602749649722e+00
4.878509188408921560e+00
4.964895351999718542e+00
4.895607896378216140e+00
4.855404299063040163e+00
4.805919959336069525e+00
-5.813577667846357988e-01
4.858570154129330021e+00
4.918179301565541728e+00
4.877802101422091141e+00
-4.654835874883840319e-01
4.903637856457160993e+00
-4.905771468863260321e-01
-2.673047444609617518e-01
-5.041944726643661223e-01
4.891239065234777250e+00
4.925009316999771514e+00
4.930387992557751176e+00
4.904943074439307438e+00
4.912652865168084304e+00
-4.960659266345203156e-01
-4.901119175787818083e-01
4.892731711070855027e+00
4.882444557776218552e+00
4.903703288340913957e+00
4.735441928092424035e+00
-5.567180886481577495e-01
-7.827904949872440676e-01
4.889889399678901682e+00
4.831285424559341735e+00
4.890705153430397800e+00
4.944504187085579261e+00
4.942285613481465667e+00
4.801536044122139302e+00
4.922333933124890315e+00
4.824355166360430047e+00
4.888710543796457308e+00
4.933579938536002629e+00
4.944733024945813682e+00
4.923221057246776944e+00
4.910799098348376468e+00
4.943774436772129022e+00
4.861440676874781985e+00
4.884547276478548916e+00
-5.011479286176978576e-01
4.900863244694031451e+00
4.934151240305923558e+00
4.953440331091671034e+00
-8.184682538011910369e-01
4.928310067341181266e+00
4.918929172499217017e+00
4.951277799724297601e+00
4.918236307529711304e+00
4.888590760151585002e+00
-8.152243770813532020e-01
4.908360464162185188e+00
4.867562530232728335e+00
4.896738361249946436e+00
4.890762983179301138e+00
4.905188652071629463e+00
4.920125434935888720e+00
4.919257127870925395e+00
4.924396626313845005e+00
4.928218231217884160e+00
-5.305163998580950668e-01
4.875545221456935252e+00
4.908737446099758372e+00
4.893509617497536546e+00
4.882919803243577661e+00
4.923943096049432810e+00
4.942176095032534633e+00
-8.517829719589742332e-01
4.891258343234214045e+00
4.907264565545872870e+00
4.926276718672184529e+00
-8.297374188182493615e-01
-4.894618381937058116e-01
4.914205036343961552e+00
4.921750456025074882e+00
4.890856349695497762e+00
4.924948420061629584e+00
4.902432805933393034e+00
4.890365584738110449e+00
-5.593194043447433650e-01
-4.351640595885520879e-01
4.894846122811653544e+00
4.931891409238659207e+00
4.917318250168680294e+00
-4.081906265054551231e-01
4.920349834702880898e+00
4.888138868103923507e+00
4.903104519088123503e+00
-8.067177443074100562e-01
4.862128936616242569e+00
4.878838474303993422e+00
4.871776048440519702e+00
4.907638420917626476e+00
4.888097592542638203e+00
4.881594363414521354e+00
4.965685914271078971e+00
-3.962337845425167870e-01
4.913891240263714266e+00
4.890057026388172190e+00
4.881786497014701354e+00
4.883942128865533583e+00
4.918514422383562845e+00
4.854696237024972660e+00
4.879903492416564070e+00
4.909171480980046631e+00
4.913730835544291686e+00
-4.796865090992239455e-01
4.905560548412626787e+00
4.786965693714861914e+00
4.917150532014115782e+00
4.876156127587549349e+00
4.945101156344169802e+00
4.855832587450708004e+00
4.920908775050410355e+00
4.875205713252753092e+00
4.858527236834459195e+00
4.899734995661948034e+00
4.915400556173461943e+00
4.905223346994584510e+00
4.881699065464911058e+00
4.874728597438728883e+00
-8.827239583761553599e-01
5.889356538416278042e+00
4.892014168430852017e+00
4.895139532745871769e+00
4.852618358929847275e+00
4.951281611928467719e+00
4.911959022647044648e+00
-8.297722672048593040e-01
-7.449372824266244919e-01
4.863353052563828882e+00
4.855462574280196009e+00
4.871759816976503288e+00
4.926365203770602719e+00
4.899046083414391184e+00
4.791611700646450700e+00
-7.493441440431899414e-01
4.894786894183293491e+00
4.887652402001865681e+00
-7.572849980027920314e-01
4.944975509327020902e+00
4.903327888876267693e+00
4.914003390258144144e+00
4.871870602787605087e+00
4.917313343128952852e+00
4.930487849015462665e+00
4.895448097661902587e+00
4.897902830829750975e+00
4.858200237938025801e+00
4.908508941650329582e+00
4.881493890422274440e+00
-4.441337054224395731e-01
4.914351258765949026e+00
4.685026492049613189e+00
4.879175822032875587e+00
-7.670913835017749705e-01
4.945557906812084070e+00
4.957947426515375788e+00
4.936321148480338650e+00
4.914189515529917784e+00
4.917495677343815430e+00
4.890187277700900559e+00
4.911345845582967939e+00
4.939632452860116096e+00
4.904612809877682444e+00
4.891389693126278360e+00
4.935140803657614761e+00
-7.351890374711158582e-01
-7.406452418027635876e-01
4.803225623196068383e+00
-8.190914593756754014e-01
4.904105061449961056e+00
4.913483241510448352e+00
4.908779799899927632e+00
4.868549668891636095e+00
4.859324510622297311e+00
4.919858416651766930e+00
4.864810415859487591e+00
4.865532193117110715e+00
4.869439724402216285e+00
4.889646892731669858e+00
4.889003543023730636e+00
4.896717480816738188e+00
4.839532210460726347e+00
4.913379198590081209e+00
4.889386913048166861e+00
4.899059542027235814e+00
4.895140811766010458e+00
4.844156559182652089e+00
4.868534963710186680e+00
4.887372772115930353e+00
4.842447855547731272e+00
4.891570091235086792e+00
4.871605185037134689e+00
4.896921330136873252e+00
4.919553271539404804e+00
4.860224469790300539e+00
4.862362894071016406e+00
4.858591151568973032e+00
4.911773219139337954e+00
4.916370048233277501e+00
4.897680771293132729e+00
4.895734665440894418e+00
4.918774612453933770e+00
4.927657536786986370e+00
4.861099714221337464e+00
4.897859483067502850e+00
4.877492261895376657e+00
-8.271041182985625628e-01
5.888968181365217269e+00
4.771591467501764328e+00
4.905251209261518142e+00
4.922331346961732912e+00
5.896798958218232301e+00
4.882290270653576236e+00
4.890655341221878061e+00
-2.131926041187914844e-01
4.831341802590497281e+00
4.886514336240205481e+00
4.871074416020748643e+00
4.915073065210475711e+00
4.871787866647363963e+00
4.898741345863036223e+00
4.851773167492435590e+00
4.901878655517148076e+00
4.896122193614150575e+00
4.864355061461437479e+00
5.706890629129095061e+00
4.910846299963883332e+00
4.888194335165516158e+00
4.907195932810067163e+00
4.908009756820904457e+00
4.940572182387771072e+00
4.922427371411588481e+00
4.918799974352700666e+00
4.962621860130063567e+00
4.922474169699727398e+00
4.880377830110511184e+00
4.884962210040802333e+00
4.911083468023679011e+00
4.888592628444479615e+00
4.915279378425672974e+00
4.883996762131098457e+00
5.901221463495949671e+00
4.880987286152389970e+00
4.938254816512936962e+00
4.897372646497006876e+00
4.901834617751856804e+00
4.898571905386508440e+00
4.894129125123093615e+00
4.901979879930614459e+00
-5.018438297449310248e-01
-7.394122887372526209e-01
4.857295903000670378e+00
4.902003252968135882e+00
4.879689580115071479e+00
4.876858261870886224e+00
4.856851396277951594e+00
4.773452266830112478e+00
4.914149654662217870e+00
4.860353629651720908e+00
-7.332949575799505570e-01
4.825156208824889603e+00
4.888983721453158182e+00
-8.530483875825107809e-01
4.897637136552606130e+00
4.878032169428694331e+00
4.889303891385385015e+00
-7.503058929530135313e-01
-7.865386694106182297e-01
5.867877552492291926e+00
4.905358836506767517e+00
-4.463733977825095067e-01
4.874459964887793539e+00
4.917277392235035016e+00
-7.769061216206365472e-01
4.918053669328287469e+00
4.905539971404662580e+00
4.918515365586106469e+00
4.906948989212794210e+00
4.902964027961981941e+00
4.881298026234739851e+00
4.884397329478606942e+00
4.889092698555543848e+00
4.888496666951620995e+00
4.885139944406413193e+00
4.924842512081954560e+00
4.887644478176250473e+00
4.905358199720367018e+00
5.852656767843765984e+00
4.952979631753541057e+00
4.946542083999075246e+00
-8.206436098862898154e-01
-7.605542021025268884e-01
4.847573613934112124e+00
-2.581322849206916237e-01
4.909747433237940939e+00
4.888389599064112190e+00
4.912883461138234154e+00
4.871325649624161258e+00
4.797588723652976839e+00
4.899761664089573365e+00
4.885724097077469352e+00
4.924445563031875750e+00
-7.271839405818194546e-01
4.764352568851602854e+00
-7.421765044439309067e-01
4.905974695606244218e+00
4.900399755780080469e+00
4.864549195127520598e+00
4.927282747446554367e+00
-8.007714639215999242e-01
4.894341848962485031e+00
4.737377486525042869e+00
4.905428496195373356e+00
4.895139246516633236e+00
4.839905966208353227e+00
4.705399438222059416e+00
4.854012557511008907e+00
-4.377816909512173282e-01
4.852787499648371750e+00
-8.474651831815928071e-01
4.944866466986205467e+00
4.876068625624247588e+00
4.894932941729646103e+00
4.880042718429814741e+00
4.902742882743513775e+00
4.862013912065338062e+00
4.842110117092008004e+00
4.877539637368984771e+00
4.730739648749036519e+00
4.837757016316115433e+00
4.771721463542094810e+00
4.889690604442616717e+00
4.900483543288685517e+00
-5.386936582597477985e-01
5.825488341029750217e+00
4.886331320465916228e+00
-5.003576207822009181e-01
4.878583949966007971e+00
4.892730024268760580e+00
4.947663019030525966e+00
4.873351748407076300e+00
4.908625973785900598e+00
4.890544393345917840e+00
4.893248964394802947e+00
4.896087834651747350e+00
4.948986257686210699e+00
-4.299566696571345270e-01
4.867698013313567884e+00
4.912165033964984495e+00
4.908511688784543026e+00
4.916057896521369486e+00
4.932185924043552383e+00
4.881483107138981481e+00
7.642844119527396618e-01
4.898769794300821268e+00
4.826911516845829198e+00
4.931115980488316453e+00
-7.408549345804474884e-01
4.902516140930112343e+00
4.848793677428295368e+00
4.855282451478990069e+00
4.964803228925292800e+00
4.947082147739997993e+00
-7.961187778340821364e-01
4.895857509102778948e+00
4.868898511036796606e+00
4.833381039046948047e+00
4.851727387900432120e+00
4.866677869185513039e+00
5.806653509260831569e+00
4.850565011721554853e+00
-7.366533183076308111e-01
-7.866670014561396584e-01
4.879443212403765884e+00
4.873405728447200325e+00
4.826879007140822964e+00
4.780720471915896219e+00
-3.005320959829237415e-01
4.887716673612599649e+00
4.913344363729008180e+00
4.908515841485112219e+00
4.914744861669707809e+00
4.849306909721178727e+00
4.901195628689334782e+00
4.907098643828373241e+00
4.888496016588860016e+00
4.932172407545951209e+00
4.927219211363055962e+00
4.866868216276502679e+00
4.906266651816537205e+00
4.925217288275261396e+00
4.922947655165486935e+00
4.905577807236806365e+00
5.884422080042752690e+00
4.887797827187588595e+00
4.918692384511807347e+00
4.916361488377640754e+00
4.866626917062954583e+00
5.867502222327087402e+00
4.779815601837148265e+00
4.870582826207034088e+00
4.799962099455459708e+00
4.869262501052759262e+00
4.897622283524310838e+00
-7.920405637225931272e-01
4.878056130405489910e+00
4.899725990281632804e+00
4.896601690192255774e+00
4.846708351994382546e+00
4.892683196371565124e+00
4.795556352167261061e+00
4.890150428748950340e+00
4.930015597247191295e+00
4.925376602351575706e+00
4.865634401747419346e+00
4.929889970576098790e+00
4.916607335775924348e+00
4.934454343927551889e+00
4.852992337504858256e+00
4.862918664291335347e+00
4.905357565967506162e+00
4.929345171758106048e+00
-4.571146532260824680e-01
4.918466729273069937e+00
4.909601738020930917e+00
4.852976553444493746e+00
4.733954198602036811e+00
4.897279762721384877e+00
4.856292735513106251e+00
4.910412009327338012e+00
4.920403178609337402e+00
4.852390383570854837e+00
4.907873785274463607e+00
4.883149592522142868e+00
4.874974011089269865e+00
4.906621680272195363e+00
4.847338918005762665e+00
-8.200272322682707893e-01
4.873316785390296779e+00
4.901631477135731885e+00
-4.805683983775820289e-01
4.870903272216260405e+00
4.893035051545351344e+00
-6.148412883229603665e-01
4.857111119377808706e+00
4.893743865504935897e+00
4.904120750630573511e+00
4.873526652899986544e+00
4.905042805673142325e+00
4.936846740444499559e+00
4.884788728212810405e+00
4.901008351133601337e+00
4.865114908596776644e+00
5.875954432434280506e+00
4.902028043325968198e+00
4.869571602441720160e+00
4.884630086846294184e+00
4.944571095492396928e+00
4.915334292929643745e+00
4.887252874989300722e+00
4.890883837887058050e+00
4.861750245187486996e+00
4.814845470549176554e+00
4.904994676560585631e+00
4.917745596192721891e+00
4.900484397243584311e+00
4.843589383811336191e+00
4.857209292149949675e+00
7.755394408731337563e+00
-6.530290784625389922e-01
4.831568644720144690e+00
4.813884413728796829e+00
4.899272540814686216e+00
4.910672980786230823e+00
4.823370692729135101e+00
4.901693983788693920e+00
4.880491295326010004e+00
4.884630201333152399e+00
4.901663429653659421e+00
4.932556501686960360e+00
4.864972137752697989e+00
4.861039957159578151e+00
4.910361046224268833e+00
4.895133037908454554e+00
4.886341056881239098e+00
4.873032082407127596e+00
4.890814373581720886e+00
4.871000996276668715e+00
4.858257660989305116e+00
4.892823204255305924e+00
4.928290768371265784e+00
4.927048463167778891e+00
5.843898595265581086e+00
4.920743147039786436e+00
4.923937361106503374e+00
4.936546930908428443e+00
4.847131455030704750e+00
4.932034917265851526e+00
4.840318237858525663e+00
4.937183960964478757e+00
4.862375906986345697e+00
-8.469898704749316831e-01
4.892303957350193855e+00
4.755623361527601567e+00
4.906859418209050361e+00
4.848643288284723241e+00
4.911308432990058037e+00
4.918859076596522328e+00
4.886785534298847544e+00
4.874806191193963301e+00
4.857471531860122482e+00
4.905163447361780449e+00
4.924102239656178881e+00
4.896210006332742282e+00
4.817300126157176621e+00
4.929507596896176125e+00
4.816242121425450939e+00
4.880802429456991831e+00
4.869384420015737902e+00
-8.879379032371895741e-01
-1.034911337593672265e+00
4.862471432998729526e+00
4.859465347638165511e+00
4.913606845895802877e+00
4.920458647023843390e+00
4.923598888079570912e+00
4.888746276246409117e+00
4.902152166668858335e+00
4.878445931597729768e+00
4.947173533689293023e+00
4.933760649053363423e+00
4.903669300807603548e+00
4.899368118892059698e+00
4.874091782438872755e+00
-8.039762577060195481e-01
4.917322326687820322e+00
-6.548418030387264110e-01
4.950188587438523413e+00
4.834790677893485267e+00
4.905278665025885942e+00
4.907811390407530894e+00
4.857011139657652521e+00
4.934175174582042800e+00
-1.890865209167278405e-01
4.933886340855103469e+00
4.895499418833187733e+00
4.884174938974326530e+00
4.893644793537740512e+00
4.928402654462516352e+00
4.884257903435480941e+00
4.904987225224303415e+00
4.906634352076613581e+00
4.914764954708447320e+00
4.898705546432494451e+00
4.843193075565391581e+00
5.910920317440725213e+00
4.877411928503287974e+00
4.921101090700422453e+00
4.909875619594970431e+00
-8.054058186954894394e-01
4.938042094651962088e+00
4.927607130571488803e+00
4.879673584788873697e+00
4.859992137884578511e+00
4.813860852276713231e+00
4.909224529577372209e+00
-5.305337395723597194e-01
4.893444927261318966e+00
4.912118016803916909e+00
4.919824875464508196e+00
4.922411618115942744e+00
4.854587562539177448e+00
4.841519313935469526e+00
4.902874006205674817e+00
4.842397572192293609e+00
4.886399512662039868e+00
4.908216763953023865e+00
4.909115506186727984e+00
4.914198546827089231e+00
4.919608865345805881e+00
4.900185532922128218e+00
4.911086858623081142e+00
6.761658330553928842e+00
4.884926741643369041e+00
4.900412986520130687e+00
4.892487942884777397e+00
5.846108766296326031e+00
4.913798154528247863e+00
4.854275830796601632e+00
4.939939195235471203e+00
4.920401678597405848e+00
4.842806685920971077e+00
4.860141084934934241e+00
4.878797364689923199e+00
4.856167017031342681e+00
4.909590857977361722e+00
4.934555199170493900e+00
4.921657355041008763e+00
4.888800609799717201e+00
4.866453221645873128e+00
4.903580065856752768e+00
-8.159443296625275011e-01
4.916099506863883306e+00
4.856718710982550036e+00
4.927166695065157143e+00
4.897807780663775645e+00
4.870713446434956850e+00
4.865546538711694069e+00
4.938097500596666301e+00
-7.588481436780557532e-01
4.894928237102094570e+00
4.891182244804948454e+00
4.825766090942582132e+00
4.919714811678719713e+00
4.913977007105057027e+00
4.920780415759846704e+00
4.929692104359755689e+00
4.885506568221231305e+00
4.881592800848590485e+00
4.925144860067893759e+00
4.919979005906109037e+00
4.911520755650824910e+00
4.895961137593193513e+00
4.864491739403465687e+00
4.923909724742057570e+00
4.878682022932089524e+00
4.868081371455731166e+00
4.806901102709737472e+00
4.921986197473195546e+00
4.906189118191340626e+00
4.846571015588484244e+00
4.935171126760106830e+00
4.817053668951746026e+00
4.928747522892829025e+00
4.902877859854804399e+00
4.894861968964313803e+00
4.921878754295249792e+00
-4.258672849769242763e-01
-4.970342980992246140e-01
4.926024137822284210e+00
4.899862266557798662e+00
6.876400180456226252e+00
4.939779562200301122e+00
-4.018335318000593182e-01
-7.672347641209630309e-01
4.797298948684387554e+00
4.908353725054223737e+00
4.882213214655071631e+00
4.893937030962963064e+00
4.816256707651513480e+00
4.923853137648052325e+00
4.914009977300307419e+00
4.912938789234023496e+00
4.765306367699408518e+00
4.915044837445364578e+00
4.831043042688937916e+00
4.946144886939169538e+00
4.839620813654297748e+00
4.933080111154726666e+00
4.926081330371461675e+00
4.882808560394299668e+00
4.894561979747638958e+00
4.898123397020633263e+00
-8.354774941007983013e-01
4.943903298038699212e+00
-1.706223290929934633e-01
4.855198282642289698e+00
4.912096840408994858e+00
4.896615759224689057e+00
4.894365366670636597e+00
4.759458991726823740e+00
4.874416090341675556e+00
4.895659471736360402e+00
-8.179420009968353389e-01
4.892416655328835517e+00
4.871731816076058763e+00
4.903936689152783579e+00
4.851380312220383573e+00
4.859825463212741781e+00
4.893771114635343089e+00
4.921414579145970691e+00
4.894020060672019667e+00
4.914429621721277286e+00
4.899928857213742717e+00
-7.387208399839959583e-01
4.921709606417189242e+00
4.873479908124206617e+00
4.894693229594071049e+00
4.900760183840247919e+00
4.927265151482377981e+00
4.921690094314154607e+00
4.926496372248026390e+00
-2.061016560977627643e-01
4.889557539971958633e+00
4.897526175909116652e+00
4.904237600960675181e+00
4.758088031619243097e+00
-8.347240720963216010e-01
4.905253691071174593e+00
4.851009052734928773e+00
4.949067466909482960e+00
4.860098844052001432e+00
4.903667090610208668e+00
4.922218366766891506e+00
5.860197093595424178e+00
4.906162869988852648e+00
4.939658279738903701e+00
-7.088619359670436104e-01
-7.950847577157622581e-01
4.938439805539258209e+00
4.904612494477472495e+00
4.942259916170179679e+00
4.860753527255058160e+00
4.915366767827529237e+00
4.896994573905381287e+00
4.925194048793372303e+00
4.827542036056041042e+00
4.939614003559005262e+00
4.892710201229887090e+00
4.919731303062253147e+00
4.931908409259659010e+00
4.916088467892540947e+00
4.916138951822501824e+00
4.898480851351042276e+00
4.911703404076831703e+00
4.917331658264616934e+00
-4.763268132836973034e-01
4.856143950552109345e+00
5.838669916256550962e+00
4.855212752162184842e+00
4.923995742257378794e+00
4.898187346096202432e+00
4.890191019713295617e+00
4.882484630622919930e+00
4.905373301253526108e+00
4.901523012866670470e+00
-9.439258383974613587e-01
4.826178198432454991e+00
4.903302324168912207e+00
-2.007777305668413392e-01
4.903921054148069558e+00
4.907259203899922539e+00
4.891045593892333621e+00
4.923178326953721040e+00
4.884717287103159222e+00
4.889570941999607179e+00
4.895334273858598984e+00
4.901788056087657885e+00
4.924329229453707768e+00
4.929180183167467533e+00
4.900892140459266244e+00
4.915774287688948085e+00
4.878054527204337631e+00
4.878956945898586639e+00
4.864874779042724917e+00
4.863299261437987298e+00
4.905790585355258138e+00
4.908021461937948970e+00
4.859704907115315109e+00
4.900174339780408062e+00
4.870712415527797212e+00
4.903274914832542741e+00
4.872009687806385436e+00
4.936424996606914029e+00
4.841130961091733020e+00
4.875712307650182709e+00
4.825579143861266296e+00
4.920842605122086155e+00
7.823093852194010545e+00
4.842446927741907103e+00
4.912424643829950810e+00
4.888949233124010973e+00
4.940633779514603141e+00
4.859163900200742070e+00
4.923808844021237086e+00
4.856394343464083718e+00
4.912451518311364396e+00
4.936848502327881860e+00
4.898823162308096890e+00
4.908148896533486294e+00
4.962574902117891540e+00
4.916868457495262135e+00
4.895332334410483099e+00
4.921155863167083311e+00
4.911095747391099664e+00
4.866948695663110058e+00
-5.725045636165190244e-01
4.891704601432618205e+00
4.862103081055005660e+00
4.878039072782813790e+00
4.903470206640070828e+00
4.861409232857346829e+00
-7.821670977742761766e-01
4.852076932484671090e+00
4.905450201826237588e+00
4.911337467138030988e+00
4.835291253112859344e+00
-7.262125115910835760e-01
4.901624268540503593e+00
4.824196999102088768e+00
4.887635329146326590e+00
4.917720893018122652e+00
4.908329220770790258e+00
4.919235980838724487e+00
4.900621548187704235e+00
4.895918000741692033e+00
-4.655015458789787397e-01
4.948418387000744545e+00
4.929648185661799076e+00
4.844833659619995458e+00
4.872031229573368094e+00
4.911870238049759863e+00
4.849853892370425079e+00
4.874905246059005215e+00
4.886388511885521702e+00
4.875663576811431810e+00
4.855807725133731267e+00
4.893665759346768951e+00
4.908821676716894622e+00
4.911661601319384118e+00
-8.086724348434628507e-01
4.904667041227014579e+00
4.912543545439507220e+00
4.912400985146756938e+00
4.885126777596644487e+00
4.925768707161990001e+00
4.854111089805012824e+00
4.916453530520238147e+00
-7.410319849868771680e-01
4.848787722888427965e+00
4.808148222114803083e+00
4.914923626190169870e+00
4.928793491307778218e+00
4.916610722259107114e+00
4.927428160175563399e+00
4.911044830862920207e+00
4.928438308729333528e+00
5.830319507670729706e+00
4.904469727795804701e+00
4.905906567229235904e+00
4.921570236565014689e+00
4.935248567592944724e+00
4.829925075328402428e+00
-7.725683361028977680e-01
4.888764416622538356e+00
-5.145347710080193648e-01
4.893226594067054513e+00
5.857384912726161019e+00
4.915645257496901621e+00
4.893101887343362044e+00
-4.448754595036239490e-01
4.901778734085985967e+00
4.918643400471145455e+00
4.911409383000155060e+00
4.895405634953419849e+00
4.962672707715562126e+00
4.895763657896997856e+00
4.927336594375589129e+00
4.906997050332398302e+00
-6.188520097839202982e-01
4.806440921183783743e+00
-9.082765423719404430e-01
4.888661697845307685e+00
4.914974920203492914e+00
4.931024316756804637e+00
4.919365100362391274e+00
4.902862894602835198e+00
4.864573770789371920e+00
4.815196813660127972e+00
4.841463876990626858e+00
4.886386822639722460e+00
4.911383621338728744e+00
4.884433832097828443e+00
4.902020536935959072e+00
4.948165047683318107e+00
4.957042677659628360e+00
4.817977889428789240e+00
4.868012333571166472e+00
4.906999707781652731e+00
4.898796962303244129e+00
4.859662816564242149e+00
-5.382976142753614912e-01
4.902511064205162583e+00
4.872158586883163167e+00
4.859542913492896687e+00
5.818728852261237705e+00
-5.348529864746613960e-01
4.903451438183516586e+00
4.909958390460422706e+00
4.900536089514452520e+00
4.946844155383680608e+00
4.886719032239566829e+00
4.931461638377011347e+00
4.911159556323296371e+00
4.904363851766560423e+00
4.852063402354946930e+00
4.895725766745876228e+00
4.897656154148158691e+00
-9.868443159056303760e-01
4.871317602881429565e+00
4.907154248203536184e+00
4.891977941958892906e+00
4.922202606087600074e+00
4.808083509248653797e+00
4.869197364996527000e+00
4.903017913871291711e+00
4.857247808243004172e+00
4.926833856172257775e+00
4.909489322879153406e+00
-8.685926179256120427e-01
4.867775181598203993e+00
4.908749709784695270e+00
4.921608186384261785e+00
4.948763794297020624e+00
4.913528238791313285e+00
4.851652153289984781e+00
4.894885124817468736e+00
4.908085224977883243e+00
4.922428638866266581e+00
4.912716455358375534e+00
4.888340120206539297e+00
4.782383362960990425e+00
4.905893646341501935e+00
4.888878062045025175e+00
4.888194762544885386e+00
4.832879783463279288e+00
5.923709891915134307e+00
4.774804138939421350e+00
4.865439451101352120e+00
4.818638732773102618e+00
4.949126888952633863e+00
4.902121283262212970e+00
4.904627022276628168e+00
4.849516699234962758e+00
4.945868324743599942e+00
4.918735223928766942e+00
4.856203851730740872e+00
4.889482101113271639e+00
4.885606666759437999e+00
4.924940453477146818e+00
4.919057321243219150e+00
5.818993603336419795e+00
4.811440686836865765e+00
4.919899552225636796e+00
4.909562775937382106e+00
5.871092863818441643e+00
4.864666950375733379e+00
4.874306655494297758e+00
4.835752093951941610e+00
4.904106516754076495e+00
-1.766342104799722978e-01
4.824195537047324400e+00
4.885429785953135706e+00
4.842385266535933930e+00
4.842366218463216576e+00
4.919515223394272496e+00
4.904239853889316159e+00
4.853730941178953096e+00
4.888819510762569820e+00
4.890827296807232827e+00
4.906128036821617577e+00
-4.143574600720072443e-01
4.928398386737916859e+00
4.905007810496140763e+00
4.899770977156645557e+00
4.890504291897231681e+00
-7.785098236918394088e-01
4.930309557067188209e+00
4.908028848586235782e+00
4.920117579935659791e+00
4.824856174631666939e+00
4.924321308468050162e+00
-9.276343288051982494e-01
4.868537226122331418e+00
4.852997708770230290e+00
4.827169902549763414e+00
4.837301277513866182e+00
4.860267538368895579e+00
4.893877714938387413e+00
4.855854107722207047e+00
4.916554925103054252e+00
4.870451513771786090e+00
4.863005295331205069e+00
-7.689038615801311316e-01
4.909744609081101885e+00
4.892220450681448618e+00
4.825658335959728262e+00
4.765148335701410609e+00
4.916940579298948677e+00
4.892049620952036548e+00
4.877267814501204057e+00
4.874728370536123734e+00
4.895446426801921547e+00
4.904189320244524808e+00
4.888942379673460792e+00
4.925463177611507426e+00
4.885325557022463627e+00
4.902573852593592463e+00
4.866370643925334250e+00
4.857045123356511063e+00
4.681268833681649255e+00
4.925781517532112908e+00
4.898015662043227358e+00
4.908355072909882821e+00
4.813084066820519702e+00
4.890773767695424823e+00
4.837706139444946096e+00
4.744737253261174459e+00
4.914679650194683447e+00
-4.317570142575352099e-01
4.875453805011977337e+00
4.864075824756865174e+00
4.821010254011750540e+00
5.851443817782403300e+00
4.907191170250537304e+00
4.878737446983226533e+00
4.891825584814949224e+00
4.865645328141397385e+00
4.921680283131436795e+00
4.948320994948320006e+00
4.868804191987837982e+00
4.888099894905019838e+00
4.825565656684148941e+00
-7.251285635185864553e-01
4.865533446702740683e+00
4.803485083298538072e+00
4.897519627034857770e+00
4.788640538731625540e+00
4.890105777234946771e+00
4.909674240390278221e+00
4.872648146258395485e+00
4.869507740863141088e+00
4.892470073239324257e+00
4.858049178820055047e+00
6.886389457734315656e+00
4.909821259795765336e+00
4.858555526544385827e+00
4.929287338629308124e+00
4.926029287218677055e+00
4.894292233999591346e+00
4.891515427524986137e+00
4.931275255527737933e+00
-6.215601933698753356e-01
4.910537490216986711e+00
4.849131807382375037e+00
4.892197780884254499e+00
4.911721017680897639e+00
4.878291881218546067e+00
4.905594116639305113e+00
4.869907278466883760e+00
4.895292004846849565e+00
4.869901968407679860e+00
4.834288963538293515e+00
4.897118170146343097e+00
4.938085385471671529e+00
4.890266550444765770e+00
4.895294725867687546e+00
4.940417782319347140e+00
4.889806204767149111e+00
4.927827485613365255e+00
4.906067571549942663e+00
4.835547594741658628e+00
4.934235221377093694e+00
4.881896755410341626e+00
4.930094465146828142e+00
4.914683120039635256e+00
4.861012297361350321e+00
4.895383763056326387e+00
6.863131580129513409e+00
4.903479899564523237e+00
4.926465821056941863e+00
5.807015208073918799e+00
-7.967434613908500607e-01
4.916045829545984347e+00
4.863579192943967122e+00
4.872452009556770491e+00
4.907528774937132354e+00
-9.781031838118320332e-01
4.908628826584326532e+00
4.859265936318813317e+00
4.886388979014298251e+00
4.894178720356598511e+00
4.918912833278638708e+00
4.890375678107515611e+00
4.864496454386903146e+00
4.911599605386865797e+00
4.917151729717707198e+00
4.859783488478339741e+00
4.913253542722351597e+00
4.905641844603774615e+00
4.935782540102845672e+00
4.878659243790968603e+00
4.850637223126124553e+00
-7.940455536363991706e-01
4.903444894315470926e+00
4.899842614111803663e+00
4.946514245679773047e+00
4.914873970514603840e+00
4.897630630822012776e+00
4.930206270097783339e+00
4.929914483034010253e+00
4.904931145899892542e+00
-8.419992412540060478e-01
4.895062940289553133e+00
5.911642717821213644e+00
4.911908060339921889e+00
4.919653676325562941e+00
4.849259414140431268e+00
4.822912320473252024e+00
-8.595007091028659119e-01
4.890858857771625878e+00
4.905604931120676859e+00
4.905288794529055529e+00
6.771190154589718624e+00
4.883011917737089647e+00
4.841552025688448779e+00
4.856283087633942230e+00
4.873692392617674507e+00
4.884563988642472765e+00
5.810565087832498143e+00
4.894340311990785786e+00
4.905613033766612396e+00
4.876886189216716794e+00
4.920250862405779024e+00
4.901041905606819071e+00
4.874532672791080046e+00
5.886368575457987973e+00
4.887074518774912057e+00
4.906586511522954552e+00
4.923446311855498969e+00
4.899252257274476996e+00
4.874037994362335979e+00
4.890453081979653227e+00
-8.160938325113989977e-01
4.915291110033951583e+00
4.861955488568145078e+00
4.913163888234839405e+00
4.937229004853042724e+00
4.889432574406487930e+00
4.913270025669079111e+00
4.887095840348246512e+00
4.926032702544901554e+00
4.872753584757867351e+00
4.918856544184387225e+00
4.918947039264589094e+00
4.870866551922906851e+00
4.936585723245823232e+00
4.941725151414946282e+00
4.858007951050753448e+00
4.903573671128603095e+00
4.942872523752980030e+00
4.931100194769739709e+00
-7.749845411825014851e-01
4.883121753367943185e+00
4.903562558166639995e+00
6.827625258009216935e+00
4.910371929360863419e+00
4.891096132578713451e+00
4.847218785210998249e+00
4.910160356937987025e+00
5.803704101031523344e+00
4.930657452688938847e+00
5.862567836809866151e+00
4.914848532073781584e+00
4.943645676103406217e+00
4.938022981099530639e+00
4.890672065291006732e+00
-4.339047354399818701e-01
4.892817362805613968e+00
4.933062417819980894e+00
4.901049094346016766e+00
4.917221095012288323e+00
4.918934540353506080e+00
4.875431662266754174e+00
4.898785412034147413e+00
4.904677349570032874e+00
4.876848223928872628e+00
4.849408485151196047e+00
-7.967540925553385778e-01
4.926069464171323631e+00
4.905968307157106523e+00
4.896266524586099678e+00
4.909455005642755943e+00
5.836573732845529605e+00
4.891304735600105147e+00
4.891507554521560941e+00
4.896968416666472201e+00
4.890991614686694078e+00
4.890743445606163142e+00
4.923960082503381130e+00
4.920938231110581818e+00
4.869277295560951124e+00
4.839644597246375746e+00
4.905649774748358283e+00
4.902237124427099246e+00
4.876123761310518390e+00
4.957340760106266231e+00
4.900356525641754502e+00
4.896137116919626386e+00
4.888209903997964290e+00
4.867436210542050112e+00
4.915033592279339558e+00
4.917758953387235010e+00
4.837775216138034295e+00
4.858348978997847567e+00
4.926202493553654804e+00
4.864432771767354780e+00
4.912013276424065822e+00
4.901118674514536977e+00
-8.294401293240982742e-01
4.899261059497113990e+00
4.935566248039167547e+00
5.904433492770984060e+00
4.879703011781600708e+00
4.874311892969248383e+00
4.940798107203395517e+00
4.817534597622374903e+00
4.900926623294610707e+00
4.798393510865816225e+00
4.904856077650030954e+00
4.908515080252073837e+00
-7.333537378941186180e-01
4.928144806545979861e+00
4.859958163812678755e+00
-7.977700852257303410e-01
4.825213335672719595e+00
-2.123414933715020991e-01
4.906745363749866584e+00
4.919857176750707772e+00
4.920384182719268473e+00
-1.450754239800714496e-01
5.792696079793397956e+00
4.861408585126358872e+00
5.861484556563343773e+00
4.850033235447021696e+00
4.905589658687097732e+00
4.867339037640335597e+00
4.926264749824085243e+00
4.864238265778623393e+00
4.788156141005147859e+00
4.810648508370871212e+00
4.867428795565833965e+00
4.904687233347497788e+00
-7.658034229873336152e-01
4.894595810569571270e+00
-8.581328238916108297e-01
4.882666419055225582e+00
4.832106772617835944e+00
4.874054652556367273e+00
4.901121427419862897e+00
4.775373414419094686e+00
4.902478073657939639e+00
-6.110942772893421804e-01
4.923470992312566352e+00
4.799758691076588590e+00
4.909464907233367370e+00
-7.723280860196699571e-01
4.937772752570405821e+00
5.801514266173023238e+00
4.905495497270550231e+00
4.887930299743652895e+00
5.838711520209714401e+00
4.883993417956990157e+00
4.894434665861730593e+00
4.888307947824939603e+00
5.819282861024287712e+00
4.937579331440312913e+00
4.872797893806909642e+00
4.902264599275818036e+00
4.874539498516883285e+00
4.892556135595041766e+00
4.887208618083468181e+00
5.835779147235559350e+00
4.853537134039548562e+00
4.908115192553536232e+00
4.918292417290934360e+00
4.858780943188929946e+00
5.874105983184872315e+00
4.916969592852592719e+00
4.945258689371765826e+00
4.898754959042711299e+00
4.586059057778195225e+00
4.872597272627666953e+00
4.888984322465636190e+00
4.911849717643604230e+00
4.924462527052353877e+00
4.902068909794933482e+00
4.916562698775747364e+00
4.944596410443605983e+00
4.915397350824825651e+00
4.920201762374524002e+00
4.913242783394084157e+00
4.876617771187350847e+00
4.899298362182562983e+00
4.818641269672371052e+00
5.834861144206604955e+00
-8.230365361688463111e-01
4.807573708210263419e+00
4.820351608288356182e+00
4.877724543101855659e+00
4.783480833054055914e+00
4.887824886300460747e+00
4.918168906537474072e+00
4.807592682957788632e+00
4.904192116112351840e+00
5.801345372389512534e+00
4.879367888681902521e+00
4.830246975581913738e+00
4.894751112248431291e+00
4.909884474928899678e+00
4.856914292990276216e+00
5.842862260183776080e+00
4.889012399154456290e+00
4.763028283260401174e+00
4.818738523855925493e+00
4.857895477771251080e+00
4.890044752983309095e+00
4.868810550871669918e+00
4.918780903570278973e+00
4.907044501734675990e+00
4.902159636893777872e+00
4.906444494059940098e+00
4.924585298857753202e+00
4.894861953072227934e+00
4.893987648993794792e+00
4.891401168766899232e+00
4.898371331895220671e+00
4.881554620410581080e+00
4.912465281202672784e+00
4.865527127033058008e+00
5.908856639415985157e+00
4.820932199452741429e+00
4.843572455543371902e+00
4.849766685587820092e+00
4.881417951707751612e+00
4.900310022030936352e+00
-7.452249880713107677e-01
-2.530393193388764672e-01
4.853457029606287776e+00
4.861721966016207652e+00
4.906514958671511550e+00
4.870241447946444424e+00
4.841636592633542513e+00
-7.770187671688145725e-01
-1.964167266941123646e-01
4.911574657720194637e+00
4.892607658674890558e+00
4.888772037924638880e+00
4.897150489315913902e+00
4.918895265230055713e+00
4.885940712147190723e+00
4.903251815152765758e+00
4.840149298268828559e+00
5.924013297216420781e+00
-3.844523074301895438e-01
4.909853760376169163e+00
4.922961627776674121e+00
4.964363700198610729e+00
4.932295651123196123e+00
4.887634063218635028e+00
4.915399971955370262e+00
4.901020808616589619e+00
4.877790668704788501e+00
4.854894447416389092e+00
4.840353941693567918e+00
5.844451232617269731e+00
4.835982052544652632e+00
4.933954407893526906e+00
4.882058908229833349e+00
5.876333217040924595e+00
4.863524231544865017e+00
-3.603738333049346654e-01
4.936132724039388187e+00
-3.463656689078710160e-01
4.909095586552686186e+00
4.882768395618268364e+00
4.893485260104547763e+00
4.885514003078658796e+00
4.875929126170657213e+00
4.912918735498965184e+00
4.897608182146992561e+00
4.928867374609193774e+00
4.904263715344657548e+00
4.906696559849953232e+00
4.906735420751154209e+00
4.878877943280339302e+00
4.902736403954331301e+00
-7.896360636004703393e-01
4.875309901952006086e+00
4.815098934908328410e+00
4.928971102325464315e+00
4.902216095299593235e+00
5.787346395675285748e+00
4.901460861099988797e+00
4.892703425100580539e+00
5.870276992662459392e+00
4.891277354780232400e+00
4.937527521374351025e+00
4.915719202745384209e+00
4.900014918609995718e+00
4.920328341975825914e+00
4.869649084763930880e+00
4.807784547123564067e+00
-8.404266167493875672e-01
4.890078396554691231e+00
4.911564661892091621e+00
4.901047201092378458e+00
4.917392972520552519e+00
4.897417821823747630e+00
-7.746598985267842963e-01
-7.718847051064039455e-01
-8.182643127185942333e-01
-4.764995700261376310e-01
-4.310529401385515547e-01
4.918262316757844310e+00
4.883267622674614117e+00
5.706498022696161243e+00
4.891792580023280657e+00
4.912525021879125653e+00
4.822026072357967763e+00
4.895859943499263345e+00
4.851441942537765506e+00
4.906904973370214584e+00
4.934924982781074831e+00
4.913697524953562379e+00
5.811997992329620999e+00
4.864909886091377089e+00
4.921047134382080301e+00
4.868860653926674331e+00
4.898924229029498534e+00
4.803922570200427344e+00
4.854921067450202798e+00
4.891328177176164971e+00
4.903546445698419021e+00
-4.942082583022368025e-01
4.905873672520267625e+00
4.905569373191057458e+00
4.937556153289232697e+00
4.923393388037125007e+00
4.937626003848621714e+00
4.888966506520566746e+00
-7.500639626443525998e-01
4.916406143988479194e+00
4.873322986602934392e+00
4.898281761347018204e+00
4.865526675702818160e+00
5.909000735445864017e+00
4.891079665742235960e+00
4.875321599470664680e+00
4.910442515927666562e+00
4.893056175193787993e+00
-7.423658996480534400e-01
-7.860722017099515124e-01
4.899083431471721539e+00
4.885599509157718678e+00
4.865892255833960789e+00
5.843813004409376788e+00
4.905735019429045884e+00
4.846556470092481916e+00
