4.862992929254112084e+00
4.897172412222744242e+00
4.870340422960774518e+00
4.899967839237955758e+00
4.923322073909403684e+00
-9.244554874759615126e-01
-1.690288188831465810e+00
-1.944260510684747256e+00
-1.500638773974024787e+00
-1.402359877243501529e+00
-1.316260407760597273e+00
-1.429216788356605150e+00
-1.293038153377394917e+00
-1.335372538289939515e+00
-9.297188710982163817e-01
-1.427471381135489992e+00
-1.351699150177853914e+00
-1.308601857684959402e+00
-1.331262531686448591e+00
-9.513640854144163050e-01
-1.295775012389444480e+00
-1.266162359298154794e+00
-1.380314339282182168e+00
-1.584376825163335667e+00
-1.307853642856385168e+00
-1.131794090144664588e+00
-1.498122566615289086e+00
-1.336084477179236618e+00
-1.267783977735093215e+00
-1.628379654932286869e+00
-1.365176333765451222e+00
-1.033922470475868494e+00
-1.684056436934766143e+00
-1.312854175193159278e+00
-1.298423427391480534e+00
-1.801795520491513258e+00
-1.317919919360952763e+00
-1.987781232871723480e+00
-1.580954658607158780e+00
-9.577386042870460470e-01
-1.079659032238087235e+00
-1.405966449740595259e+00
-1.338763192521188028e+00
-1.465209083537038826e+00
-9.190827888717856275e-01
-2.057325546524163329e+00
-1.065880960157088664e+00
-8.400619275125337237e-01
-7.117377676124645447e-01
-7.319843287677267885e-01
-7.043141850724661257e-01
-1.376974201115408469e+00
-1.050224559973276461e+00
-7.298416069172974918e-01
-7.727587413182888110e-01
-8.119767993181672416e-01
-6.356408042569048344e-01
-8.131656553001899157e-01
-7.518700872108864397e-01
-7.174457434731695837e-01
-6.916581392010228146e-01
-7.547057023607174342e-01
-7.191274324616323543e-01
-8.388994083413413572e-01
-6.900884754983083180e-01
-6.652640513398436761e-01
-6.736295583088824923e-01
-1.657698414031528511e+00
-7.532536038303739856e-01
-7.905832103985538373e-01
-1.492763201178410215e+00
-1.134320374696163869e+00
-7.863034016831715878e-01
-7.411618107989812465e-01
-7.357757695206752491e-01
-8.331053905383529745e-01
-6.934413641721933752e-01
-1.608804866579450099e+00
-9.359248351094014984e-01
-5.447029721052233375e-01
-3.268060755019803754e-01
-5.865526978945185821e-01
-4.506600911072491389e-01
4.929497361676098421e+00
-2.325113760764642157e-01
-6.568454569192433423e-01
-5.369018214088381313e-01
-4.963222596200087544e-01
-4.907874232141337112e-01
-5.281676830587687110e-01
-2.299643820135266470e-01
-9.310314355140620890e-01
4.895403786720933681e+00
-7.342146213151327094e-01
-6.479321005703762015e-01
4.894818386238988239e+00
-2.143298845389225438e-01
-4.916869535930972201e-01
-4.795873409575223123e-01
-5.017225545275720844e-01
-5.109189933622659829e-01
-4.864925881614198255e-01
-4.747164410145929825e-01
4.952389787078910643e+00
-4.790830839543511743e-01
-4.958150593048514798e-01
-7.338566988967680782e-01
-1.008335984052739054e+00
4.878516544111032971e+00
-7.807141329736013713e-01
-5.288233762949223760e-01
-5.181923434482267332e-01
-5.273621838345032842e-01
4.875640718905030369e+00
-4.498681950367167115e-01
4.927809851746339120e+00
4.913548829534568618e+00
4.901050178755166797e+00
-4.878858062306825616e-01
4.921270166786363198e+00
4.801753109621696325e+00
4.849826438491266600e+00
4.863586015004854879e+00
-3.986968380160127445e-01
-5.075044389638689868e-01
4.933719893194725259e+00
4.917765230044198077e+00
4.932728160057790134e+00
4.820193963510034152e+00
-4.262669637539848733e-01
-5.090967493569230617e-01
-4.710215232384157291e-01
4.840598500948846805e+00
4.878667037152077057e+00
4.809111650216925327e+00
4.925030311819224238e+00
4.760594768558357615e+00
4.934376763327262161e+00
4.916627766200088345e+00
4.658846927561110185e+00
4.864604942822069233e+00
-5.233040538651315687e-01
4.740357455073818116e+00
4.944608167810426558e+00
-5.781786988201200739e-01
4.908639410109561396e+00
-5.224414947331744719e-01
4.837592726221755512e+00
-5.358800356800945686e-01
-4.709569887949037748e-01
-5.457626895863785244e-01
4.928140671629504865e+00
-5.404897307539902052e-01
4.847062692763627112e+00
-5.006446231828280968e-01
-5.188423214599316990e-01
-6.050235853171956890e-01
4.856999160059160658e+00
-5.471105693530717851e-01
4.733763469035125127e+00
-7.560250453971244511e-01
-5.380302390973947801e-01
4.929135785871105568e+00
-7.859242221003904794e-01
-5.400353779648948693e-01
-5.426016840544726216e-01
4.889689267841275111e+00
-5.133634838944338696e-01
-5.849258159241528254e-01
4.866010528155349846e+00
-5.154887109968705472e-01
-5.250952963388095807e-01
4.936888931466066666e+00
8.293934204185606784e-01
-5.192670721934713463e-01
4.917470283806005149e+00
4.890699008973095729e+00
4.897682008866380166e+00
-5.303694628269131073e-01
4.894504644180489805e+00
-4.205280570702989440e-01
4.899120738042478607e+00
4.894945941103471476e+00
4.906505690416357979e+00
-5.398549448815029850e-01
4.951416359315910398e+00
4.897130582348165007e+00
-5.582016715288398157e-01
4.888672016871272064e+00
4.869868804094789283e+00
-5.868888843342634498e-01
4.941484772240261947e+00
4.959718559061508714e+00
4.923379469697702682e+00
4.915566472932988873e+00
-5.265613268589804941e-01
4.945299430984832156e+00
4.907798922913316986e+00
4.916239315108956731e+00
4.899638905312592385e+00
4.866234600003247479e+00
5.874636911999422395e-01
4.853112161576695449e+00
4.773320123501223478e+00
4.880346745510825812e+00
4.863344821447894262e+00
4.938857203030062593e+00
-4.852572076946174429e-01
4.908651631773310875e+00
4.914574107082609444e+00
4.940421985606952227e+00
4.950114822106240098e+00
4.910117576485591329e+00
4.933833560079900593e+00
-5.054930503898037442e-01
4.929758556987907880e+00
4.867088975473968127e+00
4.936381978517607294e+00
4.911248845896261983e+00
4.906762745871786180e+00
4.921227446417892892e+00
4.893006498660387393e+00
4.892327671189942606e+00
-5.094420331580582495e-01
4.926611570703636644e+00
4.913198379171977770e+00
4.956331461000916150e+00
-5.039145627276950812e-01
-7.086012607212361925e-01
4.963396464290739551e+00
4.893046385416116806e+00
4.946845355148727919e+00
4.921862003624717374e+00
4.923714075741736806e+00
4.916467410102619340e+00
4.937447470917129877e+00
4.932332005437518596e+00
4.911680971789633254e+00
4.900454977710565707e+00
4.887855293000196610e+00
4.858037328600692817e+00
4.944303150186259543e+00
-1.743905981422809726e-01
-5.790283493194805509e-01
4.888430193801616142e+00
4.938750800896901438e+00
4.935224621990284000e+00
4.930157780298218384e+00
4.852463045598972791e+00
4.868228124425009185e+00
4.940341067634625105e+00
4.917657281719352014e+00
4.931817556229011856e+00
4.875930657837879600e+00
4.885737574137454686e+00
4.920591576783241550e+00
4.929000576140086132e+00
4.862639568366111220e+00
4.944386536232999951e+00
4.920569396692761721e+00
4.952698824660151544e+00
4.902035506154907907e+00
4.847030616570513040e+00
4.871384007141916328e+00
4.895742030952470181e+00
4.933912982625473731e+00
4.911909797012578238e+00
4.909515139057604394e+00
4.893264461006323174e+00
4.910274494073656015e+00
4.902180215900258098e+00
4.874129851352598131e+00
4.926721300090855848e+00
4.951331707102134772e+00
4.931894965107805007e+00
4.891092508604578448e+00
4.908426677962956397e+00
4.917686281590731845e+00
4.934953135281862302e+00
-7.670703829318724631e-01
4.893296921871517213e+00
4.895594777462932257e+00
4.878673471090293035e+00
4.888649016284142945e+00
4.922698572354384794e+00
4.930705791874556709e+00
4.912864445744350661e+00
4.882344655260349775e+00
4.892629467020495504e+00
4.904971971894646288e+00
4.876981425076953869e+00
4.842767452905806458e+00
4.877020356574577775e+00
4.867904923795864036e+00
-1.925345025739931826e-01
4.858610698772345415e+00
4.828656683369469960e+00
4.875876421191271959e+00
4.889812400572730589e+00
5.810450810689986589e+00
4.860036893240376799e+00
4.800590173405600680e+00
4.894814282926095217e+00
4.877965990821842013e+00
4.855876118897302973e+00
-5.207021984938287051e-01
4.897822418470863859e+00
4.844140446609661588e+00
4.843501450067370762e+00
4.896669090241121403e+00
4.927002233518974705e+00
4.770630368790393483e+00
4.878601327073515570e+00
4.812216420955612861e+00
4.914180185963862968e+00
4.868681550898462440e+00
4.913588014707773510e+00
5.803156083568101309e+00
4.916908439120376784e+00
4.800913208479503425e+00
4.813034708488329372e+00
4.875421412240455332e+00
-3.215180585168355698e-01
-1.389121381757844054e-01
4.849935285989097622e+00
4.887082594950046044e+00
4.902132948686606539e+00
4.867339610743724343e+00
4.886636448920199882e+00
4.889862888693363274e+00
4.865990189568691449e+00
4.921637504878560776e+00
4.899905809624875097e+00
4.901336584527938633e+00
5.886219991525715400e+00
4.870286849091243653e+00
5.877324898730888592e+00
-4.528974377428728326e-01
-7.696279034160389276e-01
4.897062101834682935e+00
4.874027905101915970e+00
4.827019047488981585e+00
4.813003053621200067e+00
-7.705095138459465698e-01
4.872022396888785245e+00
4.864382971279502144e+00
-6.139866647419800483e-01
4.923424409904028742e+00
4.628719031788253169e+00
4.898179654167510222e+00
4.908430570911150426e+00
4.828123895950001021e+00
4.907718641770495438e+00
-7.842056055265922421e-01
-7.086798418741100392e-01
5.815284797227412206e+00
4.890376435152822054e+00
4.889966224353504032e+00
4.947818066180829533e+00
4.806229915093577887e+00
4.807919595735900664e+00
4.908483447999090643e+00
4.860497333767270334e+00
4.823706135903533365e+00
4.867632846332656804e+00
4.892910858345343783e+00
4.847186624650203335e+00
-3.834677363400459393e-01
4.820378107079843488e+00
-5.655427884206334355e-01
4.805462105370423842e+00
4.846773123014408213e+00
5.877572470249301517e+00
4.832202737700386663e+00
4.893441408640935464e+00
4.795696355772051334e+00
4.875057298185213384e+00
4.798356515609545347e+00
5.825025971886995890e+00
4.907871995849619751e+00
4.813579235950255608e+00
4.837599804714319163e+00
4.928615503235050710e+00
4.879233930292746102e+00
4.870192695479671485e+00
-7.636666418948749868e-01
4.890725675378270410e+00
4.894787612914168307e+00
4.856502402652406403e+00
4.896681655282419499e+00
4.878296774233350064e+00
4.903609421004924585e+00
-6.428115268633879387e-01
4.772990287404915932e+00
4.873123618005185342e+00
4.911374318163635344e+00
4.849106776019159959e+00
4.855902457311607634e+00
4.883396350030504429e+00
4.869987780364425589e+00
4.882193503912748866e+00
4.751943950806150951e+00
4.844903676635995637e+00
4.879652250939918723e+00
5.803162818618556429e+00
4.888283061676826691e+00
-7.991520351633449870e-01
4.811634200977097819e+00
4.879347627123219233e+00
4.724269995104312336e+00
5.792128750928787539e+00
4.756935268533714734e+00
4.809889474613128435e+00
-8.309684451036511987e-01
4.883149865709639492e+00
4.912612484788009937e+00
4.914796889770352450e+00
4.851072751361399149e+00
4.869685176049882713e+00
-8.264008016260319112e-01
-8.474488996724538481e-01
4.842545934735538182e+00
4.869625071347063461e+00
4.872463421277045015e+00
4.608767913325468868e+00
4.912352153150080447e+00
4.875691646538603763e+00
4.816550993462228369e+00
4.818431765364523223e+00
5.743111995987426610e+00
4.884155766826439482e+00
4.767746824292894203e+00
4.886104574424429359e+00
4.884430223963541984e+00
4.790693167334563185e+00
4.885813568474354440e+00
4.893154457323188211e+00
5.883719205140264918e+00
4.806748691888263814e+00
4.693027574784329303e+00
4.818610149148865318e+00
-4.927326897588125698e-01
4.862829877776182030e+00
4.829061305574736451e+00
4.812215890517714811e+00
4.898264078928491472e+00
4.875718992737637869e+00
4.831083077656828983e+00
4.892765144231966623e+00
-5.502796020436045987e-01
4.881543859078047554e+00
4.899366567941806139e+00
-8.526706067532159317e-01
4.824575793635696108e+00
4.872186441618465480e+00
4.841339401592648528e+00
4.906926309720118340e+00
4.764979954085506009e+00
4.703339718382657964e+00
4.897326153828526429e+00
4.885513731330055620e+00
4.859829631014534357e+00
-4.770290968250306962e-01
4.855184849726596141e+00
4.813926967502113463e+00
4.881280237987531301e+00
4.820410000418057450e+00
4.783742296848982889e+00
-5.130612230307740607e-01
4.866171226038192188e+00
4.858402089521177913e+00
4.765656645713930217e+00
4.848789343094829007e+00
4.757695166576630719e+00
4.719426142023634974e+00
-8.068399627095403925e-01
-8.362964978944422700e-01
-8.915943046861787291e-01
4.899556786605787195e+00
4.820035293991836056e+00
4.716490956260875222e+00
4.825243738443694141e+00
5.782916113245947010e+00
4.896590242719891961e+00
4.893820772040832878e+00
4.690817661625549917e+00
-8.623101855887338463e-01
4.805603948426463212e+00
4.825378748994558542e+00
4.784807914555359254e+00
4.841923565246720074e+00
4.861512234937912957e+00
4.714065654053158028e+00
4.873517609546947682e+00
4.875339222934088390e+00
4.832541978153852114e+00
4.910078114483274803e+00
4.882003301515941196e+00
4.802312752330536227e+00
4.836920717929253932e+00
4.865223511278128576e+00
4.811361942726422924e+00
4.895234759520131540e+00
5.820537381097722118e+00
4.875491074616666864e+00
4.816945478217058429e+00
4.909024220685319406e+00
4.851348940074544203e+00
4.895511843555752307e+00
4.804345706166689212e+00
4.705580781214679931e+00
4.852127740183810545e+00
4.874240068825636207e+00
4.869269079641027176e+00
4.901536901846548666e+00
4.840664628384479862e+00
-7.473781196062925236e-01
4.904243294496492211e+00
-5.287063348937440788e-01
4.635154643122198159e+00
4.794201429924331848e+00
4.832868829803831368e+00
4.766012557962485019e+00
4.885669804395162075e+00
4.864029938350743265e+00
4.940499894362232247e+00
4.908239740031759446e+00
4.859208923682862391e+00
-3.410940958865459338e-01
4.795612542969985626e+00
4.866011704458141907e+00
4.834733032839494626e+00
-6.526782415614169608e-01
4.789359533409554004e+00
4.792363984099216268e+00
4.902437661214401388e+00
4.797936441259460949e+00
4.942221152098291270e+00
4.844052654671754610e+00
4.907686580224716266e+00
4.880203880119639237e+00
4.904055981849690937e+00
4.900640333530837722e+00
5.844944458560790146e+00
4.731777761337549570e+00
4.898234366077446111e+00
4.887510290271190883e+00
4.874200891947332970e+00
4.835133590985433827e+00
4.791186675534001793e+00
4.821076428871200470e+00
4.928126306302985427e+00
4.761669828625652023e+00
4.845753463341103462e+00
4.907687673000820539e+00
4.937411713919369838e+00
5.923945969100005371e+00
4.859608041949820212e+00
4.894274670012069173e+00
4.925108281039093150e+00
4.792526377763548950e+00
4.871436991445229125e+00
4.736559387261153553e+00
4.942237041006525722e+00
4.893226394395078671e+00
4.881067420994182449e+00
4.875085964538650174e+00
4.863611302995910712e+00
4.890920695410818198e+00
4.909099017889520411e+00
5.898596578537068424e+00
-4.757816733407219667e-01
-4.450539407785630841e-01
4.875344662606146962e+00
4.877443811560457476e+00
4.835504697654968709e+00
4.853895587541123824e+00
4.895392969766828806e+00
4.879444568435108209e+00
4.835858916039414090e+00
4.849080209297722099e+00
4.702548244648364850e+00
4.784838808373877761e+00
4.886379002666033422e+00
4.733592328099017976e+00
4.861672569086654683e+00
4.839967790474658749e+00
4.929848253299655703e+00
-8.326517521453422610e-01
4.886160254150993865e+00
4.906426102042843240e+00
4.896007286746142384e+00
4.917735630383132772e+00
4.902761025670881345e+00
4.831566865732616733e+00
4.891224244472267557e+00
4.891341434570331437e+00
4.912489960630299635e+00
5.822791498130428955e+00
4.921328872597435122e+00
4.888009386650548294e+00
4.858197594126084873e+00
4.904337988352226674e+00
4.885571842122501174e+00
4.873200321293738924e+00
4.912881359390256719e+00
4.824246041315792155e+00
4.839764174974582112e+00
4.877794793952396901e+00
4.893998493717895748e+00
4.923721230610219379e+00
4.808558791336396965e+00
4.771333848137262024e+00
4.822170405626053480e+00
4.937310174965434229e+00
4.917816193586071805e+00
4.827497679539016318e+00
4.890779477194225677e+00
4.880741870033912910e+00
4.861613257209116412e+00
4.859555871570954366e+00
4.770235658402087964e+00
4.907191229563369284e+00
4.858463489397912838e+00
4.885744181387858376e+00
4.856683511777952766e+00
4.853530658402858577e+00
4.932219033337107206e+00
4.860270877148524349e+00
-5.817378653300089297e-01
5.859455107665325180e+00
4.876223037343568656e+00
4.955795895775041870e+00
4.823432595899239672e+00
4.879128955425176883e+00
4.851183000605622908e+00
4.925503322840273590e+00
4.801132057755329363e+00
4.928538118249576883e+00
4.898710599627033702e+00
4.873231457598497407e+00
4.880123955371646005e+00
4.890488398997857367e+00
4.887072981493284729e+00
4.880378412782983233e+00
4.855722249919312006e+00
4.811742959360430838e+00
4.929981074546560649e+00
4.914957623135659759e+00
4.935784354137325636e+00
4.858182789178201233e+00
4.893973888172306275e+00
4.855914211941036562e+00
-3.511121794569123100e-01
5.735669858281648992e+00
4.892815661960164597e+00
5.838358592344184750e+00
4.911306656291934303e+00
4.887627474011138062e+00
4.845277518749452561e+00
4.843867799092844706e+00
4.896568030053400022e+00
4.785525890166725915e+00
4.929175649228954015e+00
4.884147576365743149e+00
4.905137239765191559e+00
4.879775551821763813e+00
4.909903572241779202e+00
-4.354567002336191539e-01
4.852883479706287417e+00
4.928965899193290312e+00
4.905991880021971951e+00
4.893322485069395711e+00
-5.519157643113343781e-01
4.853978732435262344e+00
4.889535897523160202e+00
4.878402406033829131e+00
4.809124611932745097e+00
4.816604159073268221e+00
4.734332156434891914e+00
5.771626868226906737e+00
4.868378586379882300e+00
4.908153369855204673e+00
4.885155216044730686e+00
4.882174659639429315e+00
4.728944620936938570e+00
5.790292523651910273e+00
-2.934700021863927422e-01
4.855940362551303124e+00
4.937874077025413477e+00
5.833224151706502880e+00
4.823304931451343869e+00
4.883053251724318145e+00
4.934165474687504549e+00
4.888675879292367910e+00
5.919427785040705992e+00
4.845554202455488735e+00
4.869887251550527374e+00
5.876496433911944095e+00
4.875414105043730295e+00
4.888858001109880114e+00
4.927092929727064252e+00
4.874334937586013439e+00
4.847417343406984713e+00
4.906183048072470854e+00
5.828530402904087637e+00
4.915081464874285544e+00
4.886277007582236820e+00
4.807267049985982865e+00
4.857439058924166275e+00
4.854049965454576565e+00
4.902682043676357182e+00
4.754096746489727465e+00
4.890557804586681101e+00
-2.942652389606672525e-01
4.879557450403910757e+00
4.920716320588784498e+00
4.910213241116750282e+00
4.887563445213945812e+00
-9.157871011759560753e-01
4.888668355335690663e+00
4.865284187248464676e+00
4.890036353807760250e+00
4.889092699213689386e+00
4.900515455556941014e+00
4.938899692727946267e+00
4.881963593953321912e+00
4.890550263893469918e+00
4.903472600822779803e+00
4.827730706834700847e+00
4.795535734178109522e+00
4.900101073956391495e+00
-8.494529368054111185e-01
4.868124433093772296e+00
4.905877744208441804e+00
4.883745117124734136e+00
4.850764065434745476e+00
4.906081952278681158e+00
4.859499656225334974e+00
4.889367756337105853e+00
4.904619258822219940e+00
4.940335352177129380e+00
4.873910229400660654e+00
4.908621873006599579e+00
4.912547589096040390e+00
4.901076598885651947e+00
4.849211835531891168e+00
4.850865943671942127e+00
4.901522765132169113e+00
4.845786985248541789e+00
4.817809416247546217e+00
4.895731446620684935e+00
4.912887247568098914e+00
4.949473277775202185e+00
-4.521981445884620809e-01
4.896120755591267582e+00
4.791488271169630053e+00
4.915524116978374991e+00
4.907550806764009010e+00
4.855266211945920674e+00
4.920372580800424167e+00
-4.956969097033413485e-01
4.913987317759443307e+00
4.892109497657612494e+00
4.859320813978569298e+00
4.818267559280728918e+00
4.894624304573546247e+00
4.916140984915530865e+00
4.874561564010873482e+00
4.811103683571915646e+00
4.867910083051578241e+00
4.937605034363699019e+00
4.837419593874670909e+00
4.897709154165091228e+00
4.890054044609856376e+00
4.897530192285544537e+00
4.865148677225950458e+00
4.884000294423208821e+00
4.882365879160692756e+00
-4.943942744129761202e-01
5.887918191023722159e+00
5.879050062203222460e+00
4.818813178673172715e+00
4.852861792193239765e+00
4.874305222706386331e+00
4.834685889723547625e+00
4.896261100887873141e+00
4.897270604491498425e+00
4.915290052432842671e+00
4.834795096470140940e+00
4.844940412615640568e+00
4.877244341000293026e+00
4.902459470525378116e+00
4.901910860384781188e+00
4.822930761380137099e+00
4.898154419453687680e+00
4.911379296916696724e+00
5.823434165831052667e+00
4.843630260288240841e+00
4.872874695019876690e+00
4.918591088581438342e+00
4.930792856638985810e+00
4.866351967655745625e+00
4.831048434213226273e+00
4.883691589457187732e+00
4.889771443380416471e+00
4.911336406958028533e+00
4.901458958131672539e+00
4.933200676107283300e+00
4.869489951423698670e+00
4.798848668442637688e+00
4.881959419438305581e+00
4.913390991495271365e+00
4.905103340003441836e+00
4.899089853624681190e+00
5.916409424124015715e+00
4.672851518048553032e+00
4.835572710003470220e+00
4.821814225096384021e+00
4.896096227005222623e+00
4.897058214789495878e+00
4.902855728415921099e+00
4.896271208675861075e+00
4.866916983744406622e+00
4.818773081909088596e+00
4.836633044626434952e+00
4.856953999325739346e+00
4.905917413447765441e+00
-8.288716680521155400e-01
4.837233078412571885e+00
4.910188340658064199e+00
4.893320324973918112e+00
-7.972756150626089111e-01
4.807496909238163418e+00
4.914233533993790815e+00
4.907071802245646097e+00
4.869336270896853058e+00
-8.922103156407049651e-01
4.890270919578046716e+00
4.867894251608117173e+00
4.779322674632715540e+00
4.875805234213784090e+00
5.905937725948522399e+00
4.895414346807443806e+00
4.845448453948776546e+00
4.818823482355209187e+00
4.899073276476842764e+00
5.819930610222131762e+00
5.897401946332013978e+00
4.901890069904108138e+00
4.884471290090475648e+00
4.875085099676104150e+00
5.754348754093943974e+00
4.896822391789860340e+00
6.853776732055218091e+00
4.816273290584081046e+00
4.918770947401048588e+00
4.914785811985520780e+00
4.906788117386939874e+00
4.879121906377183571e+00
4.910575995357651102e+00
4.912737046374283878e+00
4.897936882047327245e+00
4.922628071085831891e+00
4.882611866299102488e+00
4.911772572037422790e+00
4.822149419214477817e+00
4.828559349905231279e+00
-4.533763689960169652e-01
5.855320846141019331e+00
5.807925871266290230e+00
4.893424245836014208e+00
-4.578004011687010211e-01
4.857002054974098648e+00
5.833846631090963797e+00
4.889303286855104957e+00
4.907376123457711792e+00
4.881509294373296726e+00
5.826282175285020237e+00
4.857484517282379066e+00
4.906719183774479909e+00
4.823085381094878166e+00
5.889337127519394421e+00
4.892878196743271957e+00
4.811816068536894697e+00
4.774244948019721768e+00
5.838149943315432466e+00
4.912011049043957911e+00
4.907700041124295254e+00
4.921886641936801254e+00
4.865718528357069417e+00
4.855634952531007187e+00
4.912076085969098393e+00
4.883019269688714026e+00
4.927239765123653470e+00
4.835219149507953951e+00
4.906300846215275513e+00
4.895518328866745428e+00
4.918978266011375666e+00
4.896710850401309045e+00
4.872626721406994932e+00
4.830320525675062093e+00
4.890390554195512607e+00
4.922834676869698001e+00
4.952429816494674952e+00
4.851878054453784728e+00
4.862410328106702373e+00
4.872965613875059887e+00
4.910907284771932169e+00
4.862371698102771589e+00
4.919789293940741715e+00
4.888228227119446601e+00
-5.068273498039048697e-01
4.723875197707117835e+00
4.905333394844919148e+00
4.893033935502244525e+00
4.851658240131040856e+00
-4.422502629094728910e-01
4.863686989195145749e+00
4.852157452554817674e+00
4.904076229713949076e+00
-4.505355494427686347e-01
5.879907209631165088e+00
4.922024997958011738e+00
4.913696743870965555e+00
4.940875090869024433e+00
4.881921073899755825e+00
-4.908586369884032630e-01
4.904476810678323417e+00
5.846003736337322287e+00
5.850800883992181234e+00
4.904217116888148098e+00
4.877322588576141982e+00
5.855057596797752950e+00
4.922743564102107783e+00
4.874679357891235298e+00
4.819528713052983804e+00
4.920863618682769669e+00
4.890109621898309555e+00
4.892501904724914752e+00
-5.506791078505124393e-01
4.901843933926820718e+00
4.905145597539974034e+00
4.890670902385503283e+00
-8.528240754590825645e-01
4.876448615881290749e+00
4.861943494579238134e+00
-8.420259025191272340e-01
4.806063673726008290e+00
5.748171499740916346e+00
4.880701341899388090e+00
4.814796880332071538e+00
4.898726938994293789e+00
4.884294962017045272e+00
4.914234222098020410e+00
4.908500471204648719e+00
4.879554109108752868e+00
4.832729067295115755e+00
4.888041785957288887e+00
4.865378912702063907e+00
4.861652136753665587e+00
5.690518446249739348e+00
4.838767739664987744e+00
4.888566620534074758e+00
5.893352426628704066e+00
4.861432925068188027e+00
5.878607020991566401e+00
4.909220673944389546e+00
4.924780582421786512e+00
4.893913889572164777e+00
4.912244683254437305e+00
4.934239287609397451e+00
4.857832179917902060e+00
4.922460031168337302e+00
4.864145037149278039e+00
4.908021987211188097e+00
4.897003359547706935e+00
-7.829186542107338109e-01
5.904730237646811375e+00
4.833019526335434080e+00
4.909879625458906105e+00
-4.340145237849694082e-01
4.879469043212273149e+00
5.852324973114186868e+00
4.915284702905172054e+00
4.921435837531078050e+00
4.804200798930099658e+00
-4.243522622427383650e-01
4.852089832370914735e+00
4.748021949586911816e+00
4.850919636546109359e+00
4.889559468917727081e+00
5.899028621472524492e+00
4.906875752642765320e+00
7.658148939202137129e+00
4.900048616479823593e+00
4.916051664045722802e+00
4.831221481067052181e+00
4.894860652891743769e+00
4.889022913043644003e+00
4.939520139226810436e+00
4.938707312499257540e+00
4.845500410606726760e+00
4.796745165529923582e+00
4.937289479087620059e+00
