-9.207286361920016260e-01
-8.467188548811461768e-01
-1.658759320646551405e+00
-5.808931335100784299e-01
-6.640954088122492660e-01
-1.163162432263683099e+00
-1.147959492135136372e+00
-8.528979734269924728e-01
-7.096139547149534765e-01
-1.469596539507729949e+00
-1.167064733927321907e+00
-1.259408343088980198e+00
-7.745988529885585727e-01
-4.183255130563368063e-01
-1.992005431349263445e+00
-1.477764953081066146e+00
-2.329140135889425645e-01
-2.249814298071984575e-01
-1.660351872374066784e-01
2.102006519956139408e-01
4.265922495790611113e-02
9.682206491822706318e-02
-5.026956765934781357e-02
1.593782045604648021e-02
-8.011465073869090681e-01
-1.292422526865814048e+00
2.809566488851053881e-02
-7.215311851800426668e-02
3.517878149538816723e-01
-2.025945127724763373e-01
-1.772901375016952552e-01
2.251708686307396165e-02
5.748877288225436866e-01
-1.603498473256799728e-01
1.001631403775857937e-01
-1.834777346183967262e-01
-1.061909803306537503e+00
4.106902183629704273e-02
-1.222983862160749169e+00
1.957323556015366228e-01
5.816865081751269179e-02
-5.797440375322838735e-01
-8.729252706056742639e-01
1.309394248829615925e+01
-4.020884514182830882e-01
1.305929486274782647e+01
1.308734662002729188e+01
-5.072520885824269854e-01
-8.804619152919861413e-01
1.410087711692790435e+01
-6.704004582326934525e-01
-3.875223769593123535e-01
-4.226931062914486281e-01
-4.440699875576098465e-01
-6.865184143113667314e-02
-1.635719485192637102e-01
1.303377218744735799e+01
5.821481233738186045e-01
1.306764640372956343e+01
-3.598555450996353544e-01
1.307209700608352954e+01
-7.700741404543673951e-01
1.304481068614885508e+01
1.307259456698593780e+01
1.304638752138686719e+01
1.305728335764984394e+01
1.305416929184797326e+01
-9.162185464665586476e-01
1.306240920429407026e+01
1.304730622142380270e+01
1.308071469698541200e+01
1.307336761967953365e+01
1.306942662874084249e+01
1.306008827933823824e+01
1.303445626288735504e+01
1.303530817766792360e+01
1.308022611012930092e+01
-1.938011977171809619e-01
-2.033481264884102746e-01
1.304393914436383817e+01
1.306112574341839050e+01
1.305207003811221078e+01
1.306038527422639639e+01
1.307611422718167660e+01
1.307532178797567823e+01
1.307628186554269689e+01
1.307221722518507789e+01
1.309162652952864647e+01
1.408066989876635233e+01
1.307420884575829234e+01
1.305181979443931084e+01
1.306414722917783422e+01
1.308843378392937495e+01
1.305568736364891613e+01
1.305411059092939041e+01
1.307046913328443338e+01
1.305061487171048995e+01
1.404285027534542252e+01
1.304755225465823543e+01
1.303813799171339127e+01
1.308625818208379599e+01
1.304656253825712398e+01
1.304556912398439117e+01
1.304416939863608782e+01
1.306059844445984197e+01
-6.238019021719209967e-02
-3.800008492821519424e-01
1.307606377004620768e+01
-4.017076859438015735e-01
1.307915490687455495e+01
-4.025778687350510809e-01
1.305810402249431590e+01
-3.812102389458625895e-01
1.307705928088918412e+01
1.307559347165769026e+01
1.304116565562944885e+01
1.306946985878327538e+01
1.306245199281282510e+01
1.304622565899074438e+01
1.307227832810943724e+01
1.307579901374258569e+01
1.306295519625897938e+01
1.302184824683553011e+01
1.303328464032938072e+01
1.306786145369047070e+01
1.307761520738956307e+01
1.307234090387481018e+01
1.307570153870291385e+01
1.308437221169604570e+01
1.306050372231662138e+01
1.306639337458571504e+01
-3.986865386968241332e-01
1.306938701063174335e+01
1.306771473858386479e+01
1.305726138473020370e+01
1.306516468309967038e+01
-4.521991537964163976e-01
1.303343180263529533e+01
1.308783146980205814e+01
1.306444719904034990e+01
1.306440493728257479e+01
1.308128768971882394e+01
1.305755040178235049e+01
1.305765218618857659e+01
1.305655607897319648e+01
1.308568829095462682e+01
1.307138072650598204e+01
1.307154956584944117e+01
-4.309059300226868450e-01
1.306346425184291249e+01
1.303390250192542332e+01
1.306289696286730440e+01
1.304168327734634758e+01
1.306270125354663492e+01
-4.245473702085595935e-01
1.299472632477585421e+01
1.306819466956930853e+01
-3.875498771065346570e-01
1.309210784495177471e+01
1.307478364390233949e+01
1.308299088772775498e+01
1.306282557161425117e+01
1.308629912386298244e+01
1.305639236010572901e+01
-4.240538580879414932e-01
1.307230320831915904e+01
1.307058433904271766e+01
1.309923245332785235e+01
1.307975328277304072e+01
1.307772678759685547e+01
1.305945180205749878e+01
-3.890126422847607346e-01
1.307597322994049449e+01
-2.322042940414056345e-01
1.308043710338194643e+01
1.306926088018636634e+01
1.306348949863963504e+01
1.306065230783780606e+01
1.303317115158629136e+01
1.304536815557348106e+01
1.307466021976829751e+01
1.307558729537542774e+01
1.307036862013357492e+01
-4.150910780209245976e-01
1.306193700393878387e+01
1.307193213546301180e+01
-5.136761180836827423e-01
-4.232524334500012975e-01
1.306194340566687551e+01
1.306199968900617314e+01
1.307401643347013120e+01
1.306721553592226925e+01
1.305337043207494929e+01
1.306495450899316246e+01
1.307970165404212892e+01
1.307824311736180789e+01
1.303794829576024306e+01
1.309289605779912335e+01
1.306829373443041931e+01
1.306184292118775403e+01
1.304680573799620902e+01
1.305230921237063058e+01
1.404736641387165363e+01
-5.557785668363279807e-01
1.304938494159920204e+01
1.304513261629913501e+01
1.304350969215414580e+01
1.305877741668939862e+01
1.307552613597961155e+01
1.304471063951399046e+01
1.304358011376240789e+01
1.304196917438179959e+01
1.307177812394460759e+01
-9.953175267012968064e-01
1.305395896615248397e+01
1.306252335930332720e+01
1.302887700350810363e+01
1.307801514849295543e+01
1.305138192966403921e+01
1.306130028387320507e+01
1.305271493963080331e+01
1.307368924147341360e+01
1.307357050883853589e+01
1.305759306274944365e+01
1.303888234891399023e+01
1.307076243522962677e+01
1.303339956383335796e+01
1.303782627933916949e+01
1.305611805080109278e+01
1.304962712721461671e+01
1.305403607013991163e+01
1.306157613256655559e+01
1.309451321097385623e+01
1.404079890861120461e+01
1.303553032342770379e+01
1.306870271753702539e+01
1.304528184703858784e+01
1.305665959613726912e+01
1.303476685769902232e+01
1.307624944054456684e+01
-9.983368263957574928e-01
1.304022208567014474e+01
1.303921876458183959e+01
1.304984572572049117e+01
1.303057824246108964e+01
1.303428304276557093e+01
1.304421165577952380e+01
1.304235283739723172e+01
1.304000390015821509e+01
1.303853763890205641e+01
-1.092870768110949298e+00
1.303129843721932879e+01
-7.975908493870864646e-02
-3.500552886406549380e-02
1.307468505207856779e+01
1.304143865649832890e+01
1.305240604220638900e+01
-3.938685404858798256e-01
1.304983819986624205e+01
1.308159447156694100e+01
1.304674912773249496e+01
1.307951649576045661e+01
1.303817101421966740e+01
1.306213158315896372e+01
1.305020716561061178e+01
1.305786572202329943e+01
1.307511702823649813e+01
-7.617364389934555557e-01
1.305956207932889335e+01
1.305588687744862142e+01
1.305124882329782210e+01
1.303306691757792635e+01
1.303321912950810280e+01
1.305937090585912230e+01
1.306333098043787366e+01
1.303603773998145243e+01
1.304602728273108703e+01
1.303313005237516542e+01
1.304073658487565623e+01
1.305153634685664343e+01
1.303242961256804655e+01
1.303390237343090163e+01
1.304958565317128816e+01
1.305388520369817051e+01
1.303326457416417838e+01
1.306563580368764654e+01
-7.453995795834822413e-01
1.303574599262480227e+01
1.305726046042635957e+01
1.306758324354630929e+01
1.306254963213939035e+01
1.305305007201221379e+01
1.305110263565347317e+01
1.308079307276947745e+01
1.303924039119154443e+01
1.305814770630459876e+01
1.304973593234432983e+01
1.308147617574688581e+01
1.305460807799371992e+01
1.306709863772396396e+01
1.306954691447392847e+01
1.306184538836272324e+01
1.305534138719172432e+01
1.303523048431870990e+01
1.306664072010254607e+01
1.304872744247539984e+01
1.303902845031577762e+01
1.302880638125874668e+01
1.305257721257965287e+01
1.305071039995031157e+01
1.306821775879800285e+01
1.305736066990912647e+01
1.307336980752074673e+01
1.304615485995420698e+01
1.304706279314263462e+01
-5.814907128420570004e-01
1.304921617583904947e+01
1.305436318846479615e+01
1.305756008812205060e+01
1.303722640020651191e+01
1.308577117106849030e+01
1.306529823586208572e+01
1.305187218093909252e+01
1.404465370113077327e+01
1.304233413289091459e+01
1.305852219953805715e+01
1.305690364625565536e+01
1.304735055869691962e+01
1.305172204844252448e+01
1.307601115034858097e+01
1.303583983534058532e+01
1.304061893666941607e+01
1.305194084007916544e+01
1.303383556752580219e+01
1.303699804445119170e+01
1.310122928413285592e+01
1.306660375973471488e+01
1.305467802703083713e+01
1.302991187622515667e+01
1.306010229827109725e+01
1.303879003936712166e+01
1.304994867077269127e+01
1.304433021037569418e+01
1.304485980903362652e+01
1.303068491292374631e+01
1.304957686920594107e+01
1.305082013798639906e+01
1.405206447020574068e+01
-9.796110280795533587e-02
1.305226970351008120e+01
1.306683801642397924e+01
1.303978348439213342e+01
1.304231021829525261e+01
1.306102127734569684e+01
1.306618117058861905e+01
1.303440853662995380e+01
1.305993939435859019e+01
-2.851282720628164347e-01
1.303518653404257677e+01
1.304730233549907581e+01
1.304079719868808773e+01
1.305784261812859626e+01
1.403822975318332134e+01
1.304201852938133754e+01
1.303630453727060434e+01
1.307414633152528260e+01
1.304613955763148070e+01
1.304455460791850285e+01
1.304550250232088260e+01
1.305150310679277403e+01
1.305915052656167319e+01
-4.844929207870686261e-01
1.305024097468959887e+01
1.307522314980548472e+01
1.407300986736873405e+01
1.305487723963009472e+01
1.304694416671049240e+01
1.306283504038119503e+01
1.304820330352078450e+01
1.404988332712927956e+01
1.304878788619188157e+01
-3.289081388846885057e-01
1.305647624618706359e+01
1.309534288007376723e+01
1.309607289927698304e+01
1.305547078537794548e+01
1.304289637972426164e+01
1.305066568215384493e+01
1.306329759456435902e+01
1.305232738922870617e+01
1.306606216302179391e+01
1.305815565650799570e+01
1.303600836741440006e+01
-7.477992795697311346e-01
1.307070978268499317e+01
1.306262771294206004e+01
1.304600073033227758e+01
1.307084885113929396e+01
1.304101433412739119e+01
1.307077780083898588e+01
1.303332115699650728e+01
1.307841538622871624e+01
1.305676325127829607e+01
1.305227285871154486e+01
1.308189652362174904e+01
1.304791292341335485e+01
1.304907513254564222e+01
1.307565748095469260e+01
1.303868054020103884e+01
1.304823153687327775e+01
1.304693839533269184e+01
1.305799706634591573e+01
1.404270844248644146e+01
1.303781075688408819e+01
1.302982958087372722e+01
1.304003444939415246e+01
1.304250344999993061e+01
1.304552677380305070e+01
1.306960241158547298e+01
-3.073550390573280833e-01
1.303905712484407786e+01
1.303619463962174230e+01
1.304467188627392993e+01
1.309479715389585586e+01
1.303582319796220190e+01
1.304798062903915579e+01
1.305397443490878828e+01
1.404652295504023840e+01
1.304356719720239610e+01
1.305403589245220530e+01
1.303797447011205435e+01
1.304517112280313995e+01
1.309001450412440271e+01
1.306327392711612134e+01
1.304998502959841389e+01
1.305027172399200985e+01
1.304532788472351612e+01
1.304570937646381701e+01
1.304732978019085010e+01
1.304294349983566192e+01
1.304938934942637907e+01
1.304019845927682653e+01
1.305502708439678372e+01
1.305184972029366897e+01
1.303166447511128467e+01
-4.121197748753314682e-01
1.308117391653687456e+01
1.307290578750781407e+01
1.304171887683408571e+01
1.305109366465150522e+01
1.303663210863903821e+01
1.304658594653575499e+01
-4.165536636356682587e-01
-9.985234057985413747e-01
1.303579880045352724e+01
1.305445883429108100e+01
1.304643653784891555e+01
1.308374140842043332e+01
1.306035181857974870e+01
1.303727711028901481e+01
1.303149006407572585e+01
1.304709775004114292e+01
1.305446068210049404e+01
1.304350873217832429e+01
1.303381484203447016e+01
1.306372352513656310e+01
1.307117304765297661e+01
1.304421423044653672e+01
1.305718015123805742e+01
1.307815630665001905e+01
-2.422616889303084164e-01
1.304334264816330347e+01
1.303275728098077835e+01
1.304331845760594888e+01
1.404167692194212336e+01
1.404710835136288338e+01
1.305237998582203218e+01
-2.079281736939359027e-01
1.305282532889968827e+01
7.548103400411949604e-01
1.304221604335932483e+01
1.308309894783489469e+01
-1.451910934737024039e-01
1.603041475252054937e+01
-4.372564671860824648e-01
-2.172611671880796402e-01
-4.158939175683722400e-01
7.756865268212952413e-01
1.719248592178599155e+00
7.101333820802410157e-01
8.941657042510778863e-01
1.304840337026832131e+01
1.307163227401973060e+01
8.259425810015013081e-01
1.303540717228236900e+01
5.102007181102323763e-01
5.912655453544004569e-01
5.481469694397557157e-01
-1.232147270706620557e-01
1.304151146479795997e+01
1.303275795366428902e+01
9.263290963264056987e-01
-1.862882504705472009e-01
8.880845949977186349e-01
-3.708672230020851890e-01
6.435144294782534358e-01
-3.869465555478622809e-01
6.756487989555124418e-01
6.571603750636477725e-01
1.404228640045823795e+01
9.981546272223199567e-01
7.964475339515607599e-01
-9.997489119532243507e-02
8.563460256060223541e-01
-4.099565005585983357e-01
-1.270585118552550741e-01
-1.090394374196572702e-01
-1.852559322868284619e-01
7.157695826061813982e-01
-6.157905953300313318e-02
6.049782175073639134e-01
-1.034589495881028665e-01
9.156882003651611868e-01
9.632957175302129249e-01
-1.279742551959726082e-01
-1.794286051624391920e-01
-1.637956956756760896e-01
-1.314087048492911247e-01
-7.625150224246224351e-02
-1.228108307683031253e-01
-1.853503778159534265e-01
-1.835410360834162091e-01
-3.427960131408682720e-01
-8.961938723619944369e-02
-4.118204790342061550e-02
1.303355932668608652e+01
4.249153679358605995e-01
6.580483440805241502e-01
1.535802507063517841e-01
5.402414534642003829e-01
2.757074178931581132e-01
-1.746357202651592777e-01
-1.579650990527250443e-01
-2.477299117380887816e-01
4.546345752263871720e-01
5.449261018388565914e-01
1.306627299371490381e+01
-7.605391698276178225e-01
-1.501617317756632763e-01
-6.222106899222128451e-01
1.550793435156806732e-01
-4.133654925710137373e-01
7.503164862424345216e-01
2.869788515531755957e-01
8.445753720140034559e-01
1.861987453848514829e-01
8.993161760562130569e-01
1.304777398743911832e+01
-5.930874942245221160e-01
1.302819137931743587e-01
1.890985891339787561e-01
-3.975429322937711341e-01
-2.157149748279539869e-01
4.387088842876166184e-01
5.554407301413163411e-01
-2.611959422768496131e-01
4.520343035004680265e-01
4.338057494415298865e-01
1.554911793412657450e-01
-8.556128342277913301e-01
-8.424751242658219397e-01
4.650400226789530578e-01
-5.805123447541213899e-01
-4.641020254263731326e-01
-4.020853056028058647e-01
-1.989987344782490064e-01
1.304048329603064005e+01
4.620231816863810681e-01
-6.448497965807518106e-01
7.323168608168826310e-01
-2.218602488261531835e-01
-3.705393502310393439e-01
-4.595773432719916229e-01
1.306392618507034165e+01
7.259080182092186861e-01
-2.114836306133039967e-01
-4.406721614702088230e-01
5.228672689741311608e-01
8.905306660075769098e-01
-2.073813769522995232e-01
-6.690884444910039086e-02
-2.880664316990321216e-01
1.303921009641300088e+01
-9.146675936203063628e-02
-1.015645281173980230e-01
-6.568562241201525431e-02
-8.446162400722128094e-01
-1.385860935689920970e-01
-8.768252786776120633e-02
-1.020342850473021645e-01
-2.725042509125372714e-01
-1.603830926539280277e-01
-5.966868339776688623e-01
-2.083723963493534503e-01
1.303587972516420024e+01
1.304963124906401362e+01
1.303309572114628878e+01
1.306134091111770346e+01
-7.590954006243721963e-02
-1.175953692677917939e-01
-7.825480027501152680e-02
-9.482220682422115576e-02
1.305449969242756048e+01
-1.192025037041936075e-01
-9.425719904361118395e-02
-1.025722935306934591e+00
-1.010616737742253690e-01
1.307963105592419950e+01
1.307163617786082277e+01
-4.160695662400115680e-02
-7.469595191714095694e-01
1.303257548900422158e+01
-5.667138828712237064e-02
1.303536634835385932e+01
-7.291398883947076692e-01
-1.022001926460633925e-01
1.305933074237062641e+01
1.302882551358932695e+01
1.304283541444592487e+01
1.305583234500260303e+01
1.305261018928206340e+01
1.305569987893386852e+01
1.309204387483316445e+01
1.305465448169185905e+01
1.306848807426314885e+01
1.305017240641994825e+01
1.306507643206926161e+01
-7.259873215238682453e-01
1.306924764716900178e+01
1.305847238248172815e+01
1.308447407995362788e+01
1.304997077714146769e+01
1.305322581805670623e+01
1.303450663928923348e+01
1.304072305907425111e+01
1.307149685551804197e+01
1.304706497987663560e+01
1.304932622585993052e+01
1.307263101232003422e+01
1.307491614253980572e+01
1.306239947609399188e+01
1.304546892603389630e+01
-1.227562553404275558e-01
-5.320559060905083459e-01
1.309155459528121668e+01
1.508613681360361269e+01
1.305210898294989619e+01
1.300461138340569178e+01
1.308072604736615752e+01
1.308975460800303736e+01
1.307924918944169690e+01
-3.245330067600937785e-02
1.307844326109968058e+01
1.306408138969779742e+01
1.306182524376052889e+01
1.306378635991224080e+01
1.305245692769930344e+01
1.306722217497675764e+01
1.306490181186719468e+01
1.306803736313807818e+01
1.303800308854520829e+01
1.304006288132129754e+01
1.307601069034157604e+01
1.305948077663817841e+01
1.308970745612654341e+01
1.405265797774002579e+01
1.305827900527781793e+01
1.304088759777357964e+01
1.304875244546898472e+01
1.306525415835847070e+01
1.307938043583052412e+01
-8.079709938462464880e-02
1.303528688548597536e+01
1.306735050953021471e+01
1.304446377817439995e+01
1.307877713703046041e+01
1.305622404965394878e+01
1.307706640501973716e+01
-6.867365884087479611e-01
1.306728867530102178e+01
1.308400474120391976e+01
1.304292298188089561e+01
1.306577876244762493e+01
1.307279741117758221e+01
1.303872955175076065e+01
1.308032015821795291e+01
1.304892162296797586e+01
-2.060437237637132712e-01
1.303224393843692575e+01
-5.332758862330686522e-01
1.305039345795073835e+01
1.306069172081571672e+01
1.305887129888401255e+01
1.304964827315245302e+01
1.304795302763616505e+01
1.308937370369549313e+01
1.305483398116962590e+01
1.304928315874598965e+01
1.307730645668305414e+01
1.306918201438291049e+01
1.305222391906311685e+01
1.303859127910677529e+01
1.307934266927857081e+01
1.305197344233872947e+01
1.303774254927272302e+01
1.306477475348431483e+01
1.307852208499645563e+01
1.307002835757150727e+01
1.304688106305487949e+01
1.305854938770751161e+01
-2.985196627724260310e-01
1.304844244443042278e+01
1.404931858956775059e+01
1.306339475769710390e+01
1.304821111112187282e+01
1.304976575902987967e+01
1.306726620705306274e+01
1.304509977839415136e+01
1.305342381642006799e+01
1.304262940671413418e+01
1.309946338543682032e+01
1.305765213625404897e+01
1.304901900974273410e+01
1.304416886858550306e+01
1.305273891016782173e+01
1.306621835233640105e+01
1.305455058781825528e+01
1.305578407573159616e+01
1.307262349327838002e+01
1.307920460857062217e+01
1.305306148975182623e+01
1.306690230436261579e+01
1.306525249775685538e+01
1.309305876678210723e+01
-8.257276824121549952e-01
1.304867150771109685e+01
1.304593243439832939e+01
1.306961942321180636e+01
1.305502497062009759e+01
1.306061105860213445e+01
1.305242335013627297e+01
1.302341177625453916e+01
1.307948114070259749e+01
1.304368374839991063e+01
1.309764568161472909e+01
1.306306737681552832e+01
2.724995608573554939e-02
1.306646441445719020e+01
1.303415105481602865e+01
1.305669000479067421e+01
-1.801245972681707608e-01
1.305677376162347514e+01
1.308139394215016793e+01
1.307172396142395954e+01
1.307004405055904250e+01
-1.381818876785017025e-01
-1.538099939183089626e-01
1.307856258840001829e+01
1.306875411592602632e+01
1.306191695967603117e+01
1.305430042833439863e+01
1.305942381220074466e+01
1.307289813174713089e+01
1.304473763248744334e+01
1.409023662311798475e+01
1.303182788192598984e+01
-8.619065405718858708e-01
1.307560016311112072e+01
1.307483472191414720e+01
1.309504005233259605e+01
-9.062838476139083443e-01
1.306598066175874351e+01
1.305229005870313408e+01
1.304612860129545382e+01
-5.439292337733370175e-02
1.308853457867948933e+01
1.305880789242962869e+01
-1.949947217909043795e-01
1.305304891624852104e+01
1.306310645530504644e+01
1.306404315422025419e+01
1.303350668060286033e+01
1.305504296706711820e+01
1.304822853254631632e+01
1.306322891494109228e+01
1.306175111215872775e+01
1.307828196886445227e+01
1.305215892293857038e+01
1.308652088024695281e+01
1.304502790323065398e+01
1.305389222566349616e+01
1.301238718101876479e+01
1.303921402629504023e+01
1.308415118926248510e+01
-8.127411737171597039e-02
1.304428114049238729e+01
1.305796555711048157e+01
-9.246810874298999616e-01
-8.033344258880612543e-01
-2.784114812728630817e-01
1.306099157792737486e+01
1.305125433649906164e+01
1.305159365690395568e+01
1.305960305708802238e+01
-8.211506407566089294e-01
1.312857258019704432e+01
1.309099834276610430e+01
1.306966672045133393e+01
1.304006605139563391e+01
1.304888793988186890e+01
1.305584870392819141e+01
-1.558360340721696158e-01
1.306194790734641309e+01
1.305351968380531602e+01
1.305807324136775449e+01
1.303942754548540606e+01
1.306318439654636698e+01
1.304981183384451882e+01
1.307588819608943709e+01
1.403533059509344305e+01
1.305467084388753918e+01
1.309435004420560134e+01
1.305769104005383952e+01
1.307068636762805802e+01
1.307711508661737199e+01
1.305810363917771788e+01
1.305786232734852348e+01
1.304639256311511986e+01
1.403986219776652078e+01
1.305705423810092292e+01
1.305589964282090776e+01
1.306296278943025335e+01
1.305763801184238559e+01
1.306265519106608508e+01
1.310291424094922164e+01
1.304648286732812856e+01
1.308279827266182060e+01
1.309560014562287478e+01
1.308609046544178867e+01
1.306716730390471071e+01
1.306334860592840386e+01
1.305169128748054419e+01
1.308479961822424720e+01
1.306520486247384305e+01
1.304275867024055913e+01
1.307413353899723418e+01
1.306115377949741685e+01
1.308309829088736898e+01
1.308197049192787986e+01
1.307725082923100501e+01
1.304828182716088314e+01
-1.578813071025453318e-02
1.307361221882057478e+01
1.306744315612204410e+01
1.307627208894759185e+01
1.308115268166266887e+01
1.305453718377854955e+01
1.308326544570314809e+01
1.306421347240595843e+01
1.312204546637534719e+01
1.303551066778258516e+01
1.305298978270487886e+01
-4.111733968973293463e-01
1.303988534614433803e+01
1.306729230454909185e+01
1.303278265716253692e+01
1.308614037738102809e+01
1.305515427682618324e+01
1.309634910499959659e+01
1.306699348091455093e+01
1.304812315380661047e+01
1.305142455075685248e+01
1.308121347580363292e+01
1.307571057627657929e+01
1.302928240624104106e+01
1.307948316303574465e+01
1.305787903892068691e+01
1.306606041707720500e+01
1.303281503282873643e+01
1.304734519004939308e+01
1.306852472429667600e+01
-4.480236884031696398e-01
1.307271186310260092e+01
1.305736839930306914e+01
1.304466910316090278e+01
1.308041234929706853e+01
1.306841130096687564e+01
1.305593766335904959e+01
1.307203309008126979e+01
1.307709719414562954e+01
1.307111657750235878e+01
1.307956019158241290e+01
1.304906260523327610e+01
1.309586883782856148e+01
1.308824793842163814e+01
1.306887109990166351e+01
1.306012914236653977e+01
1.305683664427564139e+01
1.308232468706284024e+01
1.305216454618689781e+01
1.306454935458007682e+01
1.308598976411093773e+01
1.306191734381337355e+01
-4.262884852548542991e-01
-7.927028409553532606e-01
1.306045153040410511e+01
1.304670458586213400e+01
1.308498843791910993e+01
1.407531335051660015e+01
-4.483724692257130551e-01
1.403508087803337645e+01
1.303984641426773550e+01
1.304613588746451569e+01
1.304533190029809830e+01
1.304393346663720621e+01
1.304463320908628887e+01
1.307119346221643319e+01
1.307256999764412697e+01
1.305196832394070938e+01
1.406158869629154040e+01
1.305051672746325231e+01
1.308346550270977104e+01
1.306458018727865067e+01
1.307936030862291688e+01
1.308642823317018333e+01
1.304122350931204721e+01
1.306908350042602507e+01
1.307125982644903317e+01
1.306048668991450157e+01
1.306303786427468339e+01
1.303535781432025864e+01
1.305955008261167016e+01
1.305740848990171799e+01
-1.504356272591101940e-01
1.308109823805334315e+01
1.307569106921116742e+01
1.308999381593263678e+01
1.308864402345568578e+01
1.305847203941210211e+01
1.305748589660439762e+01
1.305457286915966186e+01
1.305798974411730207e+01
1.308415841874639085e+01
1.310053904233712707e+01
1.306702222946255887e+01
1.303700181736794761e+01
1.306126466495117455e+01
1.309555768929210373e+01
1.306126053463987446e+01
1.308102706252103076e+01
1.309905965515999071e+01
1.307947302510169152e+01
1.307735633855739366e+01
1.304739696689780004e+01
1.308947664952319379e+01
1.307262774248035697e+01
1.305943460550811608e+01
1.304648283230800665e+01
1.306526946218224161e+01
1.306502713613619804e+01
1.307732310348055904e+01
1.305909953671017654e+01
1.303866710904838655e+01
1.307944154494331102e+01
-3.836699507164675893e-02
1.308464217230303106e+01
1.307785055997031698e+01
1.307660664563304564e+01
1.304589700292546084e+01
1.306750690837642992e+01
1.308208023571841316e+01
1.309073184400213563e+01
1.306438215886135978e+01
1.306976506103097080e+01
1.306720026987725625e+01
1.307890456070323282e+01
1.306405269936854907e+01
1.303780214790079661e+01
-7.261856949097162950e-01
1.306481906197337750e+01
1.306160447248160672e+01
1.306920935677386275e+01
1.306359166958862694e+01
1.307392040932800370e+01
1.307509343461681794e+01
1.307465664542591455e+01
1.307038885482278623e+01
-4.270705084656364336e-01
1.307178360375909776e+01
1.307372624922864901e+01
1.304845051638649878e+01
1.305814398175036217e+01
1.306384056403061322e+01
1.308353842763225217e+01
1.310442698884838997e+01
1.308703636955914718e+01
1.307350440643284983e+01
1.306234724156838567e+01
1.304697407487791949e+01
1.305463011161823417e+01
1.308662466840556426e+01
1.307914574901549543e+01
1.306722299555647915e+01
1.306380775525789417e+01
1.308247891376749195e+01
1.305049077915660760e+01
1.308064058057848200e+01
1.305926281086687624e+01
1.309944262538452975e+01
1.307809923743432456e+01
1.307646541757852887e+01
1.306925031671701731e+01
1.408044773541882932e+01
1.303778693683674206e+01
1.304914312411745136e+01
1.305945678247598352e+01
1.306249604410324494e+01
1.306870214318470502e+01
1.306550825010047845e+01
